t concentration bin0 bin1 bin2 bin3 bin4 bin5 bin6 bin7 bin8 bin9
0 1.0203 7500 0 0 0 0 0 0 0 0 2500
0.000204061 0 10000 0 0 0 0 0 0 0 0 0
0.000408122 0 10000 0 0 0 0 0 0 0 0 0
0.000612182 0 10000 0 0 0 0 0 0 0 0 0
0.000816243 0 10000 0 0 0 0 0 0 0 0 0
0.0010203 0 10000 0 0 0 0 0 0 0 0 0
0.00122436 0 10000 0 0 0 0 0 0 0 0 0
0.00142843 0 10000 0 0 0 0 0 0 0 0 0
0.00163249 0 10000 0 0 0 0 0 0 0 0 0
0.00183655 0 10000 0 0 0 0 0 0 0 0 0
0.00204061 0 10000 0 0 0 0 0 0 0 0 0
0.00224467 0 10000 0 0 0 0 0 0 0 0 0
0.00244873 0 10000 0 0 0 0 0 0 0 0 0
0.00265279 0 10000 0 0 0 0 0 0 0 0 0
0.00285685 0 10000 0 0 0 0 0 0 0 0 0
0.00306091 0 10000 0 0 0 0 0 0 0 0 0
0.00326497 0 10000 0 0 0 0 0 0 0 0 0
0.00346903 0 10000 0 0 0 0 0 0 0 0 0
0.00367309 0 10000 0 0 0 0 0 0 0 0 0
0.00387716 0 10000 0 0 0 0 0 0 0 0 0
0.00408122 0 10000 0 0 0 0 0 0 0 0 0
0.00428528 0 10000 0 0 0 0 0 0 0 0 0
0.00448934 0 10000 0 0 0 0 0 0 0 0 0
0.0046934 0 10000 0 0 0 0 0 0 0 0 0
0.00489746 0 10000 0 0 0 0 0 0 0 0 0
0.00510152 0 10000 0 0 0 0 0 0 0 0 0
0.00530558 0 10000 0 0 0 0 0 0 0 0 0
0.00550964 0 10000 0 0 0 0 0 0 0 0 0
0.0057137 0 10000 0 0 0 0 0 0 0 0 0
0.00591776 0 10000 0 0 0 0 0 0 0 0 0
0.00612182 0 10000 0 0 0 0 0 0 0 0 0
0.00632589 0 10000 0 0 0 0 0 0 0 0 0
0.00652995 0 10000 0 0 0 0 0 0 0 0 0
0.00673401 0 10000 0 0 0 0 0 0 0 0 0
0.00693807 0 10000 0 0 0 0 0 0 0 0 0
0.00714213 0 10000 0 0 0 0 0 0 0 0 0
0.00734619 0 10000 0 0 0 0 0 0 0 0 0
0.00755025 0 10000 0 0 0 0 0 0 0 0 0
0.00775431 0 10000 0 0 0 0 0 0 0 0 0
0.00795837 0 10000 0 0 0 0 0 0 0 0 0
0.00816243 0 10000 0 0 0 0 0 0 0 0 0
0.00836649 0 10000 0 0 0 0 0 0 0 0 0
0.00857055 0 10000 0 0 0 0 0 0 0 0 0
0.00877461 0 10000 0 0 0 0 0 0 0 0 0
0.00897868 0 10000 0 0 0 0 0 0 0 0 0
0.00918274 0 10000 0 0 0 0 0 0 0 0 0
0.0093868 0 10000 0 0 0 0 0 0 0 0 0
0.00959086 0 10000 0 0 0 0 0 0 0 0 0
0.00979492 0 10000 0 0 0 0 0 0 0 0 0
0.00999898 0 10000 0 0 0 0 0 0 0 0 0
0.010203 0 10000 0 0 0 0 0 0 0 0 0
0.0104071 0 10000 0 0 0 0 0 0 0 0 0
0.0106112 0 10000 0 0 0 0 0 0 0 0 0
0.0108152 0 10000 0 0 0 0 0 0 0 0 0
0.0110193 0 10000 0 0 0 0 0 0 0 0 0
0.0112233 0 10000 0 0 0 0 0 0 0 0 0
0.0114274 0 10000 0 0 0 0 0 0 0 0 0
0.0116315 0 10000 0 0 0 0 0 0 0 0 0
0.0118355 0 10000 0 0 0 0 0 0 0 0 0
0.0120396 0 10000 0 0 0 0 0 0 0 0 0
0.0122436 0 10000 0 0 0 0 0 0 0 0 0
0.0124477 0 10000 0 0 0 0 0 0 0 0 0
0.0126518 0 10000 0 0 0 0 0 0 0 0 0
0.0128558 0 10000 0 0 0 0 0 0 0 0 0
0.0130599 0 10000 0 0 0 0 0 0 0 0 0
0.013264 0 10000 0 0 0 0 0 0 0 0 0
0.013468 0 10000 0 0 0 0 0 0 0 0 0
0.0136721 0 10000 0 0 0 0 0 0 0 0 0
0.0138761 0 10000 0 0 0 0 0 0 0 0 0
0.0140802 0 10000 0 0 0 0 0 0 0 0 0
0.0142843 0 10000 0 0 0 0 0 0 0 0 0
0.0144883 0 10000 0 0 0 0 0 0 0 0 0
0.0146924 0 10000 0 0 0 0 0 0 0 0 0
0.0148964 0 10000 0 0 0 0 0 0 0 0 0
0.0151005 0 10000 0 0 0 0 0 0 0 0 0
0.0153046 0 10000 0 0 0 0 0 0 0 0 0
0.0155086 0 10000 0 0 0 0 0 0 0 0 0
0.0157127 0 10000 0 0 0 0 0 0 0 0 0
0.0159167 0 10000 0 0 0 0 0 0 0 0 0
0.0161208 0 10000 0 0 0 0 0 0 0 0 0
0.0163249 0 10000 0 0 0 0 0 0 0 0 0
0.0165289 0 10000 0 0 0 0 0 0 0 0 0
0.016733 0 10000 0 0 0 0 0 0 0 0 0
0.016937 0 10000 0 0 0 0 0 0 0 0 0
0.0171411 0 10000 0 0 0 0 0 0 0 0 0
0.0173452 0 10000 0 0 0 0 0 0 0 0 0
0.0175492 0 10000 0 0 0 0 0 0 0 0 0
0.0177533 0 10000 0 0 0 0 0 0 0 0 0
0.0179574 0 10000 0 0 0 0 0 0 0 0 0
0.0181614 0 10000 0 0 0 0 0 0 0 0 0
0.0183655 0 10000 0 0 0 0 0 0 0 0 0
0.0185695 0 10000 0 0 0 0 0 0 0 0 0
0.0187736 0 10000 0 0 0 0 0 0 0 0 0
0.0189777 0 10000 0 0 0 0 0 0 0 0 0
0.0191817 0 10000 0 0 0 0 0 0 0 0 0
0.0193858 0 10000 0 0 0 0 0 0 0 0 0
0.0195898 0 10000 0 0 0 0 0 0 0 0 0
0.0197939 0 10000 0 0 0 0 0 0 0 0 0
0.019998 0 10000 0 0 0 0 0 0 0 0 0
0.020202 0 10000 0 0 0 0 0 0 0 0 0
0.0204061 0 10000 0 0 0 0 0 0 0 0 0
0.0206101 0 10000 0 0 0 0 0 0 0 0 0
0.0208142 0 10000 0 0 0 0 0 0 0 0 0
0.0210183 0 10000 0 0 0 0 0 0 0 0 0
0.0212223 0 10000 0 0 0 0 0 0 0 0 0
0.0214264 0 10000 0 0 0 0 0 0 0 0 0
0.0216304 0 10000 0 0 0 0 0 0 0 0 0
0.0218345 0 10000 0 0 0 0 0 0 0 0 0
0.0220386 0 10000 0 0 0 0 0 0 0 0 0
0.0222426 0 10000 0 0 0 0 0 0 0 0 0
0.0224467 0 10000 0 0 0 0 0 0 0 0 0
0.0226507 0 10000 0 0 0 0 0 0 0 0 0
0.0228548 0 10000 0 0 0 0 0 0 0 0 0
0.0230589 0 10000 0 0 0 0 0 0 0 0 0
0.0232629 0 10000 0 0 0 0 0 0 0 0 0
0.023467 0 10000 0 0 0 0 0 0 0 0 0
0.0236711 0 10000 0 0 0 0 0 0 0 0 0
0.0238751 0 10000 0 0 0 0 0 0 0 0 0
0.0240792 0 10000 0 0 0 0 0 0 0 0 0
0.0242832 0 10000 0 0 0 0 0 0 0 0 0
0.0244873 0 10000 0 0 0 0 0 0 0 0 0
0.0246914 0 10000 0 0 0 0 0 0 0 0 0
0.0248954 0 10000 0 0 0 0 0 0 0 0 0
0.0250995 0 10000 0 0 0 0 0 0 0 0 0
0.0253035 0 10000 0 0 0 0 0 0 0 0 0
0.0255076 0 10000 0 0 0 0 0 0 0 0 0
0.0257117 0 10000 0 0 0 0 0 0 0 0 0
0.0259157 0 10000 0 0 0 0 0 0 0 0 0
0.0261198 0 10000 0 0 0 0 0 0 0 0 0
0.0263238 0 10000 0 0 0 0 0 0 0 0 0
0.0265279 0 10000 0 0 0 0 0 0 0 0 0
0.026732 0 10000 0 0 0 0 0 0 0 0 0
0.026936 0 10000 0 0 0 0 0 0 0 0 0
0.0271401 0 10000 0 0 0 0 0 0 0 0 0
0.0273441 0 10000 0 0 0 0 0 0 0 0 0
0.0275482 0 10000 0 0 0 0 0 0 0 0 0
0.0277523 0 10000 0 0 0 0 0 0 0 0 0
0.0279563 0 10000 0 0 0 0 0 0 0 0 0
0.0281604 0 10000 0 0 0 0 0 0 0 0 0
0.0283645 0 10000 0 0 0 0 0 0 0 0 0
0.0285685 0 10000 0 0 0 0 0 0 0 0 0
0.0287726 0 10000 0 0 0 0 0 0 0 0 0
0.0289766 0 10000 0 0 0 0 0 0 0 0 0
0.0291807 0 10000 0 0 0 0 0 0 0 0 0
0.0293848 0 10000 0 0 0 0 0 0 0 0 0
0.0295888 0 10000 0 0 0 0 0 0 0 0 0
0.0297929 0 10000 0 0 0 0 0 0 0 0 0
0.0299969 0 10000 0 0 0 0 0 0 0 0 0
0.030201 0 10000 0 0 0 0 0 0 0 0 0
0.0304051 0 10000 0 0 0 0 0 0 0 0 0
0.0306091 0 10000 0 0 0 0 0 0 0 0 0
0.0308132 0 10000 0 0 0 0 0 0 0 0 0
0.0310172 0 10000 0 0 0 0 0 0 0 0 0
0.0312213 0 10000 0 0 0 0 0 0 0 0 0
0.0314254 0 10000 0 0 0 0 0 0 0 0 0
0.0316294 0 10000 0 0 0 0 0 0 0 0 0
0.0318335 0 10000 0 0 0 0 0 0 0 0 0
0.0320375 0 10000 0 0 0 0 0 0 0 0 0
0.0322416 0 10000 0 0 0 0 0 0 0 0 0
0.0324457 0 10000 0 0 0 0 0 0 0 0 0
0.0326497 0 10000 0 0 0 0 0 0 0 0 0
0.0328538 0 10000 0 0 0 0 0 0 0 0 0
0.0330579 0 10000 0 0 0 0 0 0 0 0 0
0.0332619 0 10000 0 0 0 0 0 0 0 0 0
0.033466 0 10000 0 0 0 0 0 0 0 0 0
0.03367 0 10000 0 0 0 0 0 0 0 0 0
0.0338741 0 10000 0 0 0 0 0 0 0 0 0
0.0340782 0 10000 0 0 0 0 0 0 0 0 0
0.0342822 0 10000 0 0 0 0 0 0 0 0 0
0.0344863 0 10000 0 0 0 0 0 0 0 0 0
0.0346903 0 10000 0 0 0 0 0 0 0 0 0
0.0348944 0 10000 0 0 0 0 0 0 0 0 0
0.0350985 0 10000 0 0 0 0 0 0 0 0 0
0.0353025 0 10000 0 0 0 0 0 0 0 0 0
0.0355066 0 10000 0 0 0 0 0 0 0 0 0
0.0357106 0 10000 0 0 0 0 0 0 0 0 0
0.0359147 0 10000 0 0 0 0 0 0 0 0 0
0.0361188 0 10000 0 0 0 0 0 0 0 0 0
0.0363228 0 10000 0 0 0 0 0 0 0 0 0
0.0365269 0 10000 0 0 0 0 0 0 0 0 0
0.0367309 0 10000 0 0 0 0 0 0 0 0 0
0.036935 0 10000 0 0 0 0 0 0 0 0 0
0.0371391 0 10000 0 0 0 0 0 0 0 0 0
0.0373431 0 10000 0 0 0 0 0 0 0 0 0
0.0375472 0 10000 0 0 0 0 0 0 0 0 0
0.0377512 0 10000 0 0 0 0 0 0 0 0 0
0.0379553 0 10000 0 0 0 0 0 0 0 0 0
0.0381594 0 10000 0 0 0 0 0 0 0 0 0
0.0383634 0 10000 0 0 0 0 0 0 0 0 0
0.0385675 0 10000 0 0 0 0 0 0 0 0 0
0.0387716 0 10000 0 0 0 0 0 0 0 0 0
0.0389756 0 10000 0 0 0 0 0 0 0 0 0
0.0391797 0 10000 0 0 0 0 0 0 0 0 0
0.0393837 0 10000 0 0 0 0 0 0 0 0 0
0.0395878 0 10000 0 0 0 0 0 0 0 0 0
0.0397919 0 10000 0 0 0 0 0 0 0 0 0
0.0399959 0 10000 0 0 0 0 0 0 0 0 0
0.0402 0 10000 0 0 0 0 0 0 0 0 0
0.040404 0 10000 0 0 0 0 0 0 0 0 0
0.0406081 0 10000 0 0 0 0 0 0 0 0 0
0.0408122 0 10000 0 0 0 0 0 0 0 0 0
0.0410162 0 10000 0 0 0 0 0 0 0 0 0
0.0412203 0 10000 0 0 0 0 0 0 0 0 0
0.0414243 0 10000 0 0 0 0 0 0 0 0 0
0.0416284 0 10000 0 0 0 0 0 0 0 0 0
0.0418325 0 10000 0 0 0 0 0 0 0 0 0
0.0420365 0 10000 0 0 0 0 0 0 0 0 0
0.0422406 0 10000 0 0 0 0 0 0 0 0 0
0.0424446 0 10000 0 0 0 0 0 0 0 0 0
0.0426487 0 10000 0 0 0 0 0 0 0 0 0
0.0428528 0 10000 0 0 0 0 0 0 0 0 0
0.0430568 0 10000 0 0 0 0 0 0 0 0 0
0.0432609 0 10000 0 0 0 0 0 0 0 0 0
0.043465 0 10000 0 0 0 0 0 0 0 0 0
0.043669 0 10000 0 0 0 0 0 0 0 0 0
0.0438731 0 10000 0 0 0 0 0 0 0 0 0
0.0440771 0 10000 0 0 0 0 0 0 0 0 0
0.0442812 0 10000 0 0 0 0 0 0 0 0 0
0.0444853 0 10000 0 0 0 0 0 0 0 0 0
0.0446893 0 10000 0 0 0 0 0 0 0 0 0
0.0448934 0 10000 0 0 0 0 0 0 0 0 0
0.0450974 0 10000 0 0 0 0 0 0 0 0 0
0.0453015 0 10000 0 0 0 0 0 0 0 0 0
0.0455056 0 10000 0 0 0 0 0 0 0 0 0
0.0457096 0 10000 0 0 0 0 0 0 0 0 0
0.0459137 0 10000 0 0 0 0 0 0 0 0 0
0.0461177 0 10000 0 0 0 0 0 0 0 0 0
0.0463218 0 10000 0 0 0 0 0 0 0 0 0
0.0465259 0 10000 0 0 0 0 0 0 0 0 0
0.0467299 0 10000 0 0 0 0 0 0 0 0 0
0.046934 0 10000 0 0 0 0 0 0 0 0 0
0.047138 0 10000 0 0 0 0 0 0 0 0 0
0.0473421 0 10000 0 0 0 0 0 0 0 0 0
0.0475462 0 10000 0 0 0 0 0 0 0 0 0
0.0477502 0 10000 0 0 0 0 0 0 0 0 0
0.0479543 0 10000 0 0 0 0 0 0 0 0 0
0.0481584 0 10000 0 0 0 0 0 0 0 0 0
0.0483624 0 10000 0 0 0 0 0 0 0 0 0
0.0485665 0 10000 0 0 0 0 0 0 0 0 0
0.0487705 0 10000 0 0 0 0 0 0 0 0 0
0.0489746 0 10000 0 0 0 0 0 0 0 0 0
0.0491787 0 10000 0 0 0 0 0 0 0 0 0
0.0493827 0 10000 0 0 0 0 0 0 0 0 0
0.0495868 0 10000 0 0 0 0 0 0 0 0 0
0.0497908 0 10000 0 0 0 0 0 0 0 0 0
0.0499949 0 10000 0 0 0 0 0 0 0 0 0
0.050199 0 10000 0 0 0 0 0 0 0 0 0
0.050403 0 10000 0 0 0 0 0 0 0 0 0
0.0506071 0 10000 0 0 0 0 0 0 0 0 0
0.0508111 0 10000 0 0 0 0 0 0 0 0 0
0.0510152 0 10000 0 0 0 0 0 0 0 0 0
0.0512193 0 10000 0 0 0 0 0 0 0 0 0
0.0514233 0 10000 0 0 0 0 0 0 0 0 0
0.0516274 0 10000 0 0 0 0 0 0 0 0 0
0.0518314 0 10000 0 0 0 0 0 0 0 0 0
0.0520355 0 10000 0 0 0 0 0 0 0 0 0
0.0522396 0 10000 0 0 0 0 0 0 0 0 0
0.0524436 0 10000 0 0 0 0 0 0 0 0 0
0.0526477 0 10000 0 0 0 0 0 0 0 0 0
0.0528517 0 10000 0 0 0 0 0 0 0 0 0
0.0530558 0 10000 0 0 0 0 0 0 0 0 0
0.0532599 0 10000 0 0 0 0 0 0 0 0 0
0.0534639 0 10000 0 0 0 0 0 0 0 0 0
0.053668 0 10000 0 0 0 0 0 0 0 0 0
0.0538721 0 10000 0 0 0 0 0 0 0 0 0
0.0540761 0 10000 0 0 0 0 0 0 0 0 0
0.0542802 0 10000 0 0 0 0 0 0 0 0 0
0.0544842 0 10000 0 0 0 0 0 0 0 0 0
0.0546883 0 10000 0 0 0 0 0 0 0 0 0
0.0548924 0 10000 0 0 0 0 0 0 0 0 0
0.0550964 0 10000 0 0 0 0 0 0 0 0 0
0.0553005 0 10000 0 0 0 0 0 0 0 0 0
0.0555045 0 10000 0 0 0 0 0 0 0 0 0
0.0557086 0 10000 0 0 0 0 0 0 0 0 0
0.0559127 0 10000 0 0 0 0 0 0 0 0 0
0.0561167 0 10000 0 0 0 0 0 0 0 0 0
0.0563208 0 10000 0 0 0 0 0 0 0 0 0
0.0565248 0 10000 0 0 0 0 0 0 0 0 0
0.0567289 0 10000 0 0 0 0 0 0 0 0 0
0.056933 0 10000 0 0 0 0 0 0 0 0 0
0.057137 0 10000 0 0 0 0 0 0 0 0 0
0.0573411 0 10000 0 0 0 0 0 0 0 0 0
0.0575451 0 10000 0 0 0 0 0 0 0 0 0
0.0577492 0 10000 0 0 0 0 0 0 0 0 0
0.0579533 0 10000 0 0 0 0 0 0 0 0 0
0.0581573 0 10000 0 0 0 0 0 0 0 0 0
0.0583614 0 10000 0 0 0 0 0 0 0 0 0
0.0585655 0 10000 0 0 0 0 0 0 0 0 0
0.0587695 0 10000 0 0 0 0 0 0 0 0 0
0.0589736 0 10000 0 0 0 0 0 0 0 0 0
0.0591776 0 10000 0 0 0 0 0 0 0 0 0
0.0593817 0 10000 0 0 0 0 0 0 0 0 0
0.0595858 0 10000 0 0 0 0 0 0 0 0 0
0.0597898 0 10000 0 0 0 0 0 0 0 0 0
0.0599939 0 10000 0 0 0 0 0 0 0 0 0
0.0601979 0 10000 0 0 0 0 0 0 0 0 0
0.060402 0 10000 0 0 0 0 0 0 0 0 0
0.0606061 0 10000 0 0 0 0 0 0 0 0 0
0.0608101 0 10000 0 0 0 0 0 0 0 0 0
0.0610142 0 10000 0 0 0 0 0 0 0 0 0
0.0612182 0 10000 0 0 0 0 0 0 0 0 0
0.0614223 0 10000 0 0 0 0 0 0 0 0 0
0.0616264 0 10000 0 0 0 0 0 0 0 0 0
0.0618304 0 10000 0 0 0 0 0 0 0 0 0
0.0620345 0 10000 0 0 0 0 0 0 0 0 0
0.0622385 0 10000 0 0 0 0 0 0 0 0 0
0.0624426 0 10000 0 0 0 0 0 0 0 0 0
0.0626467 0 10000 0 0 0 0 0 0 0 0 0
0.0628507 0 10000 0 0 0 0 0 0 0 0 0
0.0630548 0 10000 0 0 0 0 0 0 0 0 0
0.0632589 0 10000 0 0 0 0 0 0 0 0 0
0.0634629 0 10000 0 0 0 0 0 0 0 0 0
0.063667 0 10000 0 0 0 0 0 0 0 0 0
0.063871 0 10000 0 0 0 0 0 0 0 0 0
0.0640751 0 10000 0 0 0 0 0 0 0 0 0
0.0642792 0 10000 0 0 0 0 0 0 0 0 0
0.0644832 0 10000 0 0 0 0 0 0 0 0 0
0.0646873 0 10000 0 0 0 0 0 0 0 0 0
0.0648913 0 10000 0 0 0 0 0 0 0 0 0
0.0650954 0 10000 0 0 0 0 0 0 0 0 0
0.0652995 0 10000 0 0 0 0 0 0 0 0 0
0.0655035 0 10000 0 0 0 0 0 0 0 0 0
0.0657076 0 10000 0 0 0 0 0 0 0 0 0
0.0659116 0 10000 0 0 0 0 0 0 0 0 0
0.0661157 0 10000 0 0 0 0 0 0 0 0 0
0.0663198 0 10000 0 0 0 0 0 0 0 0 0
0.0665238 0 10000 0 0 0 0 0 0 0 0 0
0.0667279 0 10000 0 0 0 0 0 0 0 0 0
0.0669319 0 10000 0 0 0 0 0 0 0 0 0
0.067136 0 10000 0 0 0 0 0 0 0 0 0
0.0673401 0 10000 0 0 0 0 0 0 0 0 0
0.0675441 0 10000 0 0 0 0 0 0 0 0 0
0.0677482 0 10000 0 0 0 0 0 0 0 0 0
0.0679522 0 10000 0 0 0 0 0 0 0 0 0
0.0681563 0 10000 0 0 0 0 0 0 0 0 0
0.0683604 0 10000 0 0 0 0 0 0 0 0 0
0.0685644 0 10000 0 0 0 0 0 0 0 0 0
0.0687685 0 10000 0 0 0 0 0 0 0 0 0
0.0689726 0 10000 0 0 0 0 0 0 0 0 0
0.0691766 0 10000 0 0 0 0 0 0 0 0 0
0.0693807 0 10000 0 0 0 0 0 0 0 0 0
0.0695847 0 10000 0 0 0 0 0 0 0 0 0
0.0697888 0 10000 0 0 0 0 0 0 0 0 0
0.0699929 0 10000 0 0 0 0 0 0 0 0 0
0.0701969 0 10000 0 0 0 0 0 0 0 0 0
0.070401 0 10000 0 0 0 0 0 0 0 0 0
0.070605 0 10000 0 0 0 0 0 0 0 0 0
0.0708091 0 10000 0 0 0 0 0 0 0 0 0
0.0710132 0 10000 0 0 0 0 0 0 0 0 0
0.0712172 0 10000 0 0 0 0 0 0 0 0 0
0.0714213 0 10000 0 0 0 0 0 0 0 0 0
0.0716253 0 10000 0 0 0 0 0 0 0 0 0
0.0718294 0 10000 0 0 0 0 0 0 0 0 0
0.0720335 0 10000 0 0 0 0 0 0 0 0 0
0.0722375 0 10000 0 0 0 0 0 0 0 0 0
0.0724416 0 10000 0 0 0 0 0 0 0 0 0
0.0726456 0 10000 0 0 0 0 0 0 0 0 0
0.0728497 0 10000 0 0 0 0 0 0 0 0 0
0.0730538 0 10000 0 0 0 0 0 0 0 0 0
0.0732578 0 10000 0 0 0 0 0 0 0 0 0
0.0734619 0 10000 0 0 0 0 0 0 0 0 0
0.073666 0 10000 0 0 0 0 0 0 0 0 0
0.07387 0 10000 0 0 0 0 0 0 0 0 0
0.0740741 0 10000 0 0 0 0 0 0 0 0 0
0.0742781 0 10000 0 0 0 0 0 0 0 0 0
0.0744822 0 10000 0 0 0 0 0 0 0 0 0
0.0746863 0 10000 0 0 0 0 0 0 0 0 0
0.0748903 0 10000 0 0 0 0 0 0 0 0 0
0.0750944 0 10000 0 0 0 0 0 0 0 0 0
0.0752984 0 10000 0 0 0 0 0 0 0 0 0
0.0755025 0 10000 0 0 0 0 0 0 0 0 0
0.0757066 0 10000 0 0 0 0 0 0 0 0 0
0.0759106 0 10000 0 0 0 0 0 0 0 0 0
0.0761147 0 10000 0 0 0 0 0 0 0 0 0
0.0763187 0 10000 0 0 0 0 0 0 0 0 0
0.0765228 0 10000 0 0 0 0 0 0 0 0 0
0.0767269 0 10000 0 0 0 0 0 0 0 0 0
0.0769309 0 10000 0 0 0 0 0 0 0 0 0
0.077135 0 10000 0 0 0 0 0 0 0 0 0
0.077339 0 10000 0 0 0 0 0 0 0 0 0
0.0775431 0 10000 0 0 0 0 0 0 0 0 0
0.0777472 0 10000 0 0 0 0 0 0 0 0 0
0.0779512 0 10000 0 0 0 0 0 0 0 0 0
0.0781553 0 10000 0 0 0 0 0 0 0 0 0
0.0783594 0 10000 0 0 0 0 0 0 0 0 0
0.0785634 0 10000 0 0 0 0 0 0 0 0 0
0.0787675 0 10000 0 0 0 0 0 0 0 0 0
0.0789715 0 10000 0 0 0 0 0 0 0 0 0
0.0791756 0 10000 0 0 0 0 0 0 0 0 0
0.0793797 0 10000 0 0 0 0 0 0 0 0 0
0.0795837 0 10000 0 0 0 0 0 0 0 0 0
0.0797878 0 10000 0 0 0 0 0 0 0 0 0
0.0799918 0 10000 0 0 0 0 0 0 0 0 0
0.0801959 0 10000 0 0 0 0 0 0 0 0 0
0.0804 0 10000 0 0 0 0 0 0 0 0 0
0.080604 0 10000 0 0 0 0 0 0 0 0 0
0.0808081 0 10000 0 0 0 0 0 0 0 0 0
0.0810121 0 10000 0 0 0 0 0 0 0 0 0
0.0812162 0 10000 0 0 0 0 0 0 0 0 0
0.0814203 0 10000 0 0 0 0 0 0 0 0 0
0.0816243 0 10000 0 0 0 0 0 0 0 0 0
0.0818284 0 10000 0 0 0 0 0 0 0 0 0
0.0820324 0 10000 0 0 0 0 0 0 0 0 0
0.0822365 0 10000 0 0 0 0 0 0 0 0 0
0.0824406 0 10000 0 0 0 0 0 0 0 0 0
0.0826446 0 10000 0 0 0 0 0 0 0 0 0
0.0828487 0 10000 0 0 0 0 0 0 0 0 0
0.0830527 0 10000 0 0 0 0 0 0 0 0 0
0.0832568 0 10000 0 0 0 0 0 0 0 0 0
0.0834609 0 10000 0 0 0 0 0 0 0 0 0
0.0836649 0 10000 0 0 0 0 0 0 0 0 0
0.083869 0 10000 0 0 0 0 0 0 0 0 0
0.0840731 0 10000 0 0 0 0 0 0 0 0 0
0.0842771 0 10000 0 0 0 0 0 0 0 0 0
0.0844812 0 10000 0 0 0 0 0 0 0 0 0
0.0846852 0 10000 0 0 0 0 0 0 0 0 0
0.0848893 0 10000 0 0 0 0 0 0 0 0 0
0.0850934 0 10000 0 0 0 0 0 0 0 0 0
0.0852974 0 10000 0 0 0 0 0 0 0 0 0
0.0855015 0 10000 0 0 0 0 0 0 0 0 0
0.0857055 0 10000 0 0 0 0 0 0 0 0 0
0.0859096 0 10000 0 0 0 0 0 0 0 0 0
0.0861137 0 10000 0 0 0 0 0 0 0 0 0
0.0863177 0 10000 0 0 0 0 0 0 0 0 0
0.0865218 0 10000 0 0 0 0 0 0 0 0 0
0.0867258 0 10000 0 0 0 0 0 0 0 0 0
0.0869299 0 10000 0 0 0 0 0 0 0 0 0
0.087134 0 10000 0 0 0 0 0 0 0 0 0
0.087338 0 10000 0 0 0 0 0 0 0 0 0
0.0875421 0 10000 0 0 0 0 0 0 0 0 0
0.0877461 0 10000 0 0 0 0 0 0 0 0 0
0.0879502 0 10000 0 0 0 0 0 0 0 0 0
0.0881543 0 10000 0 0 0 0 0 0 0 0 0
0.0883583 0 10000 0 0 0 0 0 0 0 0 0
0.0885624 0 10000 0 0 0 0 0 0 0 0 0
0.0887665 0 10000 0 0 0 0 0 0 0 0 0
0.0889705 0 10000 0 0 0 0 0 0 0 0 0
0.0891746 0 10000 0 0 0 0 0 0 0 0 0
0.0893786 0 10000 0 0 0 0 0 0 0 0 0
0.0895827 0 10000 0 0 0 0 0 0 0 0 0
0.0897868 0 10000 0 0 0 0 0 0 0 0 0
0.0899908 0 10000 0 0 0 0 0 0 0 0 0
0.0901949 0 10000 0 0 0 0 0 0 0 0 0
0.0903989 0 10000 0 0 0 0 0 0 0 0 0
0.090603 0 10000 0 0 0 0 0 0 0 0 0
0.0908071 0 10000 0 0 0 0 0 0 0 0 0
0.0910111 0 10000 0 0 0 0 0 0 0 0 0
0.0912152 0 10000 0 0 0 0 0 0 0 0 0
0.0914192 0 10000 0 0 0 0 0 0 0 0 0
0.0916233 0 10000 0 0 0 0 0 0 0 0 0
0.0918274 0 10000 0 0 0 0 0 0 0 0 0
0.0920314 0 10000 0 0 0 0 0 0 0 0 0
0.0922355 0 10000 0 0 0 0 0 0 0 0 0
0.0924395 0 10000 0 0 0 0 0 0 0 0 0
0.0926436 0 10000 0 0 0 0 0 0 0 0 0
0.0928477 0 10000 0 0 0 0 0 0 0 0 0
0.0930517 0 10000 0 0 0 0 0 0 0 0 0
0.0932558 0 10000 0 0 0 0 0 0 0 0 0
0.0934599 0 10000 0 0 0 0 0 0 0 0 0
0.0936639 0 10000 0 0 0 0 0 0 0 0 0
0.093868 0 10000 0 0 0 0 0 0 0 0 0
0.094072 0 10000 0 0 0 0 0 0 0 0 0
0.0942761 0 10000 0 0 0 0 0 0 0 0 0
0.0944802 0 10000 0 0 0 0 0 0 0 0 0
0.0946842 0 10000 0 0 0 0 0 0 0 0 0
0.0948883 0 10000 0 0 0 0 0 0 0 0 0
0.0950923 0 10000 0 0 0 0 0 0 0 0 0
0.0952964 0 10000 0 0 0 0 0 0 0 0 0
0.0955005 0 10000 0 0 0 0 0 0 0 0 0
0.0957045 0 10000 0 0 0 0 0 0 0 0 0
0.0959086 0 10000 0 0 0 0 0 0 0 0 0
0.0961126 0 10000 0 0 0 0 0 0 0 0 0
0.0963167 0 10000 0 0 0 0 0 0 0 0 0
0.0965208 0 10000 0 0 0 0 0 0 0 0 0
0.0967248 0 10000 0 0 0 0 0 0 0 0 0
0.0969289 0 10000 0 0 0 0 0 0 0 0 0
0.0971329 0 10000 0 0 0 0 0 0 0 0 0
0.097337 0 10000 0 0 0 0 0 0 0 0 0
0.0975411 0 10000 0 0 0 0 0 0 0 0 0
0.0977451 0 10000 0 0 0 0 0 0 0 0 0
0.0979492 0 10000 0 0 0 0 0 0 0 0 0
0.0981532 0 10000 0 0 0 0 0 0 0 0 0
0.0983573 0 10000 0 0 0 0 0 0 0 0 0
0.0985614 0 10000 0 0 0 0 0 0 0 0 0
0.0987654 0 10000 0 0 0 0 0 0 0 0 0
0.0989695 0 10000 0 0 0 0 0 0 0 0 0
0.0991736 0 10000 0 0 0 0 0 0 0 0 0
0.0993776 0 10000 0 0 0 0 0 0 0 0 0
0.0995817 0 10000 0 0 0 0 0 0 0 0 0
0.0997857 0 10000 0 0 0 0 0 0 0 0 0
0.0999898 0 10000 0 0 0 0 0 0 0 0 0
0.100194 0 10000 0 0 0 0 0 0 0 0 0
0.100398 0 10000 0 0 0 0 0 0 0 0 0
0.100602 0 10000 0 0 0 0 0 0 0 0 0
0.100806 0 10000 0 0 0 0 0 0 0 0 0
0.10101 0 10000 0 0 0 0 0 0 0 0 0
0.101214 0 10000 0 0 0 0 0 0 0 0 0
0.101418 0 10000 0 0 0 0 0 0 0 0 0
0.101622 0 10000 0 0 0 0 0 0 0 0 0
0.101826 0 10000 0 0 0 0 0 0 0 0 0
0.10203 0 10000 0 0 0 0 0 0 0 0 0
0.102234 0 10000 0 0 0 0 0 0 0 0 0
0.102439 0 10000 0 0 0 0 0 0 0 0 0
0.102643 0 10000 0 0 0 0 0 0 0 0 0
0.102847 0 10000 0 0 0 0 0 0 0 0 0
0.103051 0 10000 0 0 0 0 0 0 0 0 0
0.103255 0 10000 0 0 0 0 0 0 0 0 0
0.103459 0 10000 0 0 0 0 0 0 0 0 0
0.103663 0 10000 0 0 0 0 0 0 0 0 0
0.103867 0 10000 0 0 0 0 0 0 0 0 0
0.104071 0 10000 0 0 0 0 0 0 0 0 0
0.104275 0 10000 0 0 0 0 0 0 0 0 0
0.104479 0 10000 0 0 0 0 0 0 0 0 0
0.104683 0 10000 0 0 0 0 0 0 0 0 0
0.104887 0 10000 0 0 0 0 0 0 0 0 0
0.105091 0 10000 0 0 0 0 0 0 0 0 0
0.105295 0 10000 0 0 0 0 0 0 0 0 0
0.105499 0 10000 0 0 0 0 0 0 0 0 0
0.105703 0 10000 0 0 0 0 0 0 0 0 0
0.105908 0 10000 0 0 0 0 0 0 0 0 0
0.106112 0 10000 0 0 0 0 0 0 0 0 0
0.106316 0 10000 0 0 0 0 0 0 0 0 0
0.10652 0 10000 0 0 0 0 0 0 0 0 0
0.106724 0 10000 0 0 0 0 0 0 0 0 0
0.106928 0 10000 0 0 0 0 0 0 0 0 0
0.107132 0 10000 0 0 0 0 0 0 0 0 0
0.107336 0 10000 0 0 0 0 0 0 0 0 0
0.10754 0 10000 0 0 0 0 0 0 0 0 0
0.107744 0 10000 0 0 0 0 0 0 0 0 0
0.107948 0 10000 0 0 0 0 0 0 0 0 0
0.108152 0 10000 0 0 0 0 0 0 0 0 0
0.108356 0 10000 0 0 0 0 0 0 0 0 0
0.10856 0 10000 0 0 0 0 0 0 0 0 0
0.108764 0 10000 0 0 0 0 0 0 0 0 0
0.108968 0 10000 0 0 0 0 0 0 0 0 0
0.109173 0 10000 0 0 0 0 0 0 0 0 0
0.109377 0 10000 0 0 0 0 0 0 0 0 0
0.109581 0 10000 0 0 0 0 0 0 0 0 0
0.109785 0 10000 0 0 0 0 0 0 0 0 0
0.109989 0 10000 0 0 0 0 0 0 0 0 0
0.110193 0 10000 0 0 0 0 0 0 0 0 0
0.110397 0 10000 0 0 0 0 0 0 0 0 0
0.110601 0 10000 0 0 0 0 0 0 0 0 0
0.110805 0 10000 0 0 0 0 0 0 0 0 0
0.111009 0 10000 0 0 0 0 0 0 0 0 0
0.111213 0 10000 0 0 0 0 0 0 0 0 0
0.111417 0 10000 0 0 0 0 0 0 0 0 0
0.111621 0 10000 0 0 0 0 0 0 0 0 0
0.111825 0 10000 0 0 0 0 0 0 0 0 0
0.112029 0 10000 0 0 0 0 0 0 0 0 0
0.112233 0 10000 0 0 0 0 0 0 0 0 0
0.112438 0 10000 0 0 0 0 0 0 0 0 0
0.112642 0 10000 0 0 0 0 0 0 0 0 0
0.112846 0 10000 0 0 0 0 0 0 0 0 0
0.11305 0 10000 0 0 0 0 0 0 0 0 0
0.113254 0 10000 0 0 0 0 0 0 0 0 0
0.113458 0 10000 0 0 0 0 0 0 0 0 0
0.113662 0 10000 0 0 0 0 0 0 0 0 0
0.113866 0 10000 0 0 0 0 0 0 0 0 0
0.11407 0 10000 0 0 0 0 0 0 0 0 0
0.114274 0 10000 0 0 0 0 0 0 0 0 0
0.114478 0 10000 0 0 0 0 0 0 0 0 0
0.114682 0 10000 0 0 0 0 0 0 0 0 0
0.114886 0 10000 0 0 0 0 0 0 0 0 0
0.11509 0 10000 0 0 0 0 0 0 0 0 0
0.115294 0 10000 0 0 0 0 0 0 0 0 0
0.115498 0 10000 0 0 0 0 0 0 0 0 0
0.115702 0 10000 0 0 0 0 0 0 0 0 0
0.115907 0 10000 0 0 0 0 0 0 0 0 0
0.116111 0 10000 0 0 0 0 0 0 0 0 0
0.116315 0 10000 0 0 0 0 0 0 0 0 0
0.116519 0 10000 0 0 0 0 0 0 0 0 0
0.116723 0 10000 0 0 0 0 0 0 0 0 0
0.116927 0 10000 0 0 0 0 0 0 0 0 0
0.117131 0 10000 0 0 0 0 0 0 0 0 0
0.117335 0 10000 0 0 0 0 0 0 0 0 0
0.117539 0 10000 0 0 0 0 0 0 0 0 0
0.117743 0 10000 0 0 0 0 0 0 0 0 0
0.117947 0 10000 0 0 0 0 0 0 0 0 0
0.118151 0 10000 0 0 0 0 0 0 0 0 0
0.118355 0 10000 0 0 0 0 0 0 0 0 0
0.118559 0 10000 0 0 0 0 0 0 0 0 0
0.118763 0 10000 0 0 0 0 0 0 0 0 0
0.118967 0 10000 0 0 0 0 0 0 0 0 0
0.119172 0 10000 0 0 0 0 0 0 0 0 0
0.119376 0 10000 0 0 0 0 0 0 0 0 0
0.11958 0 10000 0 0 0 0 0 0 0 0 0
0.119784 0 10000 0 0 0 0 0 0 0 0 0
0.119988 0 10000 0 0 0 0 0 0 0 0 0
0.120192 0 10000 0 0 0 0 0 0 0 0 0
0.120396 0 10000 0 0 0 0 0 0 0 0 0
0.1206 0 10000 0 0 0 0 0 0 0 0 0
0.120804 0 10000 0 0 0 0 0 0 0 0 0
0.121008 0 10000 0 0 0 0 0 0 0 0 0
0.121212 0 10000 0 0 0 0 0 0 0 0 0
0.121416 0 10000 0 0 0 0 0 0 0 0 0
0.12162 0 10000 0 0 0 0 0 0 0 0 0
0.121824 0 10000 0 0 0 0 0 0 0 0 0
0.122028 0 10000 0 0 0 0 0 0 0 0 0
0.122232 0 10000 0 0 0 0 0 0 0 0 0
0.122436 0 10000 0 0 0 0 0 0 0 0 0
0.122641 0 10000 0 0 0 0 0 0 0 0 0
0.122845 0 10000 0 0 0 0 0 0 0 0 0
0.123049 0 10000 0 0 0 0 0 0 0 0 0
0.123253 0 10000 0 0 0 0 0 0 0 0 0
0.123457 0 10000 0 0 0 0 0 0 0 0 0
0.123661 0 10000 0 0 0 0 0 0 0 0 0
0.123865 0 10000 0 0 0 0 0 0 0 0 0
0.124069 0 10000 0 0 0 0 0 0 0 0 0
0.124273 0 10000 0 0 0 0 0 0 0 0 0
0.124477 0 10000 0 0 0 0 0 0 0 0 0
0.124681 0 10000 0 0 0 0 0 0 0 0 0
0.124885 0 10000 0 0 0 0 0 0 0 0 0
0.125089 0 10000 0 0 0 0 0 0 0 0 0
0.125293 0 10000 0 0 0 0 0 0 0 0 0
0.125497 0 10000 0 0 0 0 0 0 0 0 0
0.125701 0 10000 0 0 0 0 0 0 0 0 0
0.125906 0 10000 0 0 0 0 0 0 0 0 0
0.12611 0 10000 0 0 0 0 0 0 0 0 0
0.126314 0 10000 0 0 0 0 0 0 0 0 0
0.126518 0 10000 0 0 0 0 0 0 0 0 0
0.126722 0 10000 0 0 0 0 0 0 0 0 0
0.126926 0 10000 0 0 0 0 0 0 0 0 0
0.12713 0 10000 0 0 0 0 0 0 0 0 0
0.127334 0 10000 0 0 0 0 0 0 0 0 0
0.127538 0 10000 0 0 0 0 0 0 0 0 0
0.127742 0 10000 0 0 0 0 0 0 0 0 0
0.127946 0 10000 0 0 0 0 0 0 0 0 0
0.12815 0 10000 0 0 0 0 0 0 0 0 0
0.128354 0 10000 0 0 0 0 0 0 0 0 0
0.128558 0 10000 0 0 0 0 0 0 0 0 0
0.128762 0 10000 0 0 0 0 0 0 0 0 0
0.128966 0 10000 0 0 0 0 0 0 0 0 0
0.12917 0 10000 0 0 0 0 0 0 0 0 0
0.129375 0 10000 0 0 0 0 0 0 0 0 0
0.129579 0 10000 0 0 0 0 0 0 0 0 0
0.129783 0 10000 0 0 0 0 0 0 0 0 0
0.129987 0 10000 0 0 0 0 0 0 0 0 0
0.130191 0 10000 0 0 0 0 0 0 0 0 0
0.130395 0 10000 0 0 0 0 0 0 0 0 0
0.130599 0 10000 0 0 0 0 0 0 0 0 0
0.130803 0 10000 0 0 0 0 0 0 0 0 0
0.131007 0 10000 0 0 0 0 0 0 0 0 0
0.131211 0 10000 0 0 0 0 0 0 0 0 0
0.131415 0 10000 0 0 0 0 0 0 0 0 0
0.131619 0 10000 0 0 0 0 0 0 0 0 0
0.131823 0 10000 0 0 0 0 0 0 0 0 0
0.132027 0 10000 0 0 0 0 0 0 0 0 0
0.132231 0 10000 0 0 0 0 0 0 0 0 0
0.132435 0 10000 0 0 0 0 0 0 0 0 0
0.13264 0 10000 0 0 0 0 0 0 0 0 0
0.132844 0 10000 0 0 0 0 0 0 0 0 0
0.133048 0 10000 0 0 0 0 0 0 0 0 0
0.133252 0 10000 0 0 0 0 0 0 0 0 0
0.133456 0 10000 0 0 0 0 0 0 0 0 0
0.13366 0 10000 0 0 0 0 0 0 0 0 0
0.133864 0 10000 0 0 0 0 0 0 0 0 0
0.134068 0 10000 0 0 0 0 0 0 0 0 0
0.134272 0 10000 0 0 0 0 0 0 0 0 0
0.134476 0 10000 0 0 0 0 0 0 0 0 0
0.13468 0 10000 0 0 0 0 0 0 0 0 0
0.134884 0 10000 0 0 0 0 0 0 0 0 0
0.135088 0 10000 0 0 0 0 0 0 0 0 0
0.135292 0 10000 0 0 0 0 0 0 0 0 0
0.135496 0 10000 0 0 0 0 0 0 0 0 0
0.1357 0 10000 0 0 0 0 0 0 0 0 0
0.135904 0 10000 0 0 0 0 0 0 0 0 0
0.136109 0 10000 0 0 0 0 0 0 0 0 0
0.136313 0 10000 0 0 0 0 0 0 0 0 0
0.136517 0 10000 0 0 0 0 0 0 0 0 0
0.136721 0 10000 0 0 0 0 0 0 0 0 0
0.136925 0 10000 0 0 0 0 0 0 0 0 0
0.137129 0 10000 0 0 0 0 0 0 0 0 0
0.137333 0 10000 0 0 0 0 0 0 0 0 0
0.137537 0 10000 0 0 0 0 0 0 0 0 0
0.137741 0 10000 0 0 0 0 0 0 0 0 0
0.137945 0 10000 0 0 0 0 0 0 0 0 0
0.138149 0 10000 0 0 0 0 0 0 0 0 0
0.138353 0 10000 0 0 0 0 0 0 0 0 0
0.138557 0 10000 0 0 0 0 0 0 0 0 0
0.138761 0 10000 0 0 0 0 0 0 0 0 0
0.138965 0 10000 0 0 0 0 0 0 0 0 0
0.139169 0 10000 0 0 0 0 0 0 0 0 0
0.139374 0 10000 0 0 0 0 0 0 0 0 0
0.139578 0 10000 0 0 0 0 0 0 0 0 0
0.139782 0 10000 0 0 0 0 0 0 0 0 0
0.139986 0 10000 0 0 0 0 0 0 0 0 0
0.14019 0 10000 0 0 0 0 0 0 0 0 0
0.140394 0 10000 0 0 0 0 0 0 0 0 0
0.140598 0 10000 0 0 0 0 0 0 0 0 0
0.140802 0 10000 0 0 0 0 0 0 0 0 0
0.141006 0 10000 0 0 0 0 0 0 0 0 0
0.14121 0 10000 0 0 0 0 0 0 0 0 0
0.141414 0 10000 0 0 0 0 0 0 0 0 0
0.141618 0 10000 0 0 0 0 0 0 0 0 0
0.141822 0 10000 0 0 0 0 0 0 0 0 0
0.142026 0 10000 0 0 0 0 0 0 0 0 0
0.14223 0 10000 0 0 0 0 0 0 0 0 0
0.142434 0 10000 0 0 0 0 0 0 0 0 0
0.142639 0 10000 0 0 0 0 0 0 0 0 0
0.142843 0 10000 0 0 0 0 0 0 0 0 0
0.143047 0 10000 0 0 0 0 0 0 0 0 0
0.143251 0 10000 0 0 0 0 0 0 0 0 0
0.143455 0 10000 0 0 0 0 0 0 0 0 0
0.143659 0 10000 0 0 0 0 0 0 0 0 0
0.143863 0 10000 0 0 0 0 0 0 0 0 0
0.144067 0 10000 0 0 0 0 0 0 0 0 0
0.144271 0 10000 0 0 0 0 0 0 0 0 0
0.144475 0 10000 0 0 0 0 0 0 0 0 0
0.144679 0 10000 0 0 0 0 0 0 0 0 0
0.144883 0 10000 0 0 0 0 0 0 0 0 0
0.145087 0 10000 0 0 0 0 0 0 0 0 0
0.145291 0 10000 0 0 0 0 0 0 0 0 0
0.145495 0 10000 0 0 0 0 0 0 0 0 0
0.145699 0 10000 0 0 0 0 0 0 0 0 0
0.145903 0 10000 0 0 0 0 0 0 0 0 0
0.146108 0 10000 0 0 0 0 0 0 0 0 0
0.146312 0 10000 0 0 0 0 0 0 0 0 0
0.146516 0 10000 0 0 0 0 0 0 0 0 0
0.14672 0 10000 0 0 0 0 0 0 0 0 0
0.146924 0 10000 0 0 0 0 0 0 0 0 0
0.147128 0 10000 0 0 0 0 0 0 0 0 0
0.147332 0 10000 0 0 0 0 0 0 0 0 0
0.147536 0 10000 0 0 0 0 0 0 0 0 0
0.14774 0 10000 0 0 0 0 0 0 0 0 0
0.147944 0 10000 0 0 0 0 0 0 0 0 0
0.148148 0 10000 0 0 0 0 0 0 0 0 0
0.148352 0 10000 0 0 0 0 0 0 0 0 0
0.148556 0 10000 0 0 0 0 0 0 0 0 0
0.14876 0 10000 0 0 0 0 0 0 0 0 0
0.148964 0 10000 0 0 0 0 0 0 0 0 0
0.149168 0 10000 0 0 0 0 0 0 0 0 0
0.149373 0 10000 0 0 0 0 0 0 0 0 0
0.149577 0 10000 0 0 0 0 0 0 0 0 0
0.149781 0 10000 0 0 0 0 0 0 0 0 0
0.149985 0 10000 0 0 0 0 0 0 0 0 0
0.150189 0 10000 0 0 0 0 0 0 0 0 0
0.150393 0 10000 0 0 0 0 0 0 0 0 0
0.150597 0 10000 0 0 0 0 0 0 0 0 0
0.150801 0 10000 0 0 0 0 0 0 0 0 0
0.151005 0 10000 0 0 0 0 0 0 0 0 0
0.151209 0 10000 0 0 0 0 0 0 0 0 0
0.151413 0 10000 0 0 0 0 0 0 0 0 0
0.151617 0 10000 0 0 0 0 0 0 0 0 0
0.151821 0 10000 0 0 0 0 0 0 0 0 0
0.152025 0 10000 0 0 0 0 0 0 0 0 0
0.152229 0 10000 0 0 0 0 0 0 0 0 0
0.152433 0 10000 0 0 0 0 0 0 0 0 0
0.152637 0 10000 0 0 0 0 0 0 0 0 0
0.152842 0 10000 0 0 0 0 0 0 0 0 0
0.153046 0 10000 0 0 0 0 0 0 0 0 0
0.15325 0 10000 0 0 0 0 0 0 0 0 0
0.153454 0 10000 0 0 0 0 0 0 0 0 0
0.153658 0 10000 0 0 0 0 0 0 0 0 0
0.153862 0 10000 0 0 0 0 0 0 0 0 0
0.154066 0 10000 0 0 0 0 0 0 0 0 0
0.15427 0 10000 0 0 0 0 0 0 0 0 0
0.154474 0 10000 0 0 0 0 0 0 0 0 0
0.154678 0 10000 0 0 0 0 0 0 0 0 0
0.154882 0 10000 0 0 0 0 0 0 0 0 0
0.155086 0 10000 0 0 0 0 0 0 0 0 0
0.15529 0 10000 0 0 0 0 0 0 0 0 0
0.155494 0 10000 0 0 0 0 0 0 0 0 0
0.155698 0 10000 0 0 0 0 0 0 0 0 0
0.155902 0 10000 0 0 0 0 0 0 0 0 0
0.156107 0 10000 0 0 0 0 0 0 0 0 0
0.156311 0 10000 0 0 0 0 0 0 0 0 0
0.156515 0 10000 0 0 0 0 0 0 0 0 0
0.156719 0 10000 0 0 0 0 0 0 0 0 0
0.156923 0 10000 0 0 0 0 0 0 0 0 0
0.157127 0 10000 0 0 0 0 0 0 0 0 0
0.157331 0 10000 0 0 0 0 0 0 0 0 0
0.157535 0 10000 0 0 0 0 0 0 0 0 0
0.157739 0 10000 0 0 0 0 0 0 0 0 0
0.157943 0 10000 0 0 0 0 0 0 0 0 0
0.158147 0 10000 0 0 0 0 0 0 0 0 0
0.158351 0 10000 0 0 0 0 0 0 0 0 0
0.158555 0 10000 0 0 0 0 0 0 0 0 0
0.158759 0 10000 0 0 0 0 0 0 0 0 0
0.158963 0 10000 0 0 0 0 0 0 0 0 0
0.159167 0 10000 0 0 0 0 0 0 0 0 0
0.159371 0 10000 0 0 0 0 0 0 0 0 0
0.159576 0 10000 0 0 0 0 0 0 0 0 0
0.15978 0 10000 0 0 0 0 0 0 0 0 0
0.159984 0 10000 0 0 0 0 0 0 0 0 0
0.160188 0 10000 0 0 0 0 0 0 0 0 0
0.160392 0 10000 0 0 0 0 0 0 0 0 0
0.160596 0 10000 0 0 0 0 0 0 0 0 0
0.1608 0 10000 0 0 0 0 0 0 0 0 0
0.161004 0 10000 0 0 0 0 0 0 0 0 0
0.161208 0 10000 0 0 0 0 0 0 0 0 0
0.161412 0 10000 0 0 0 0 0 0 0 0 0
0.161616 0 10000 0 0 0 0 0 0 0 0 0
0.16182 0 10000 0 0 0 0 0 0 0 0 0
0.162024 0 10000 0 0 0 0 0 0 0 0 0
0.162228 0 10000 0 0 0 0 0 0 0 0 0
0.162432 0 10000 0 0 0 0 0 0 0 0 0
0.162636 0 10000 0 0 0 0 0 0 0 0 0
0.162841 0 10000 0 0 0 0 0 0 0 0 0
0.163045 0 10000 0 0 0 0 0 0 0 0 0
0.163249 0 10000 0 0 0 0 0 0 0 0 0
0.163453 0 10000 0 0 0 0 0 0 0 0 0
0.163657 0 10000 0 0 0 0 0 0 0 0 0
0.163861 0 10000 0 0 0 0 0 0 0 0 0
0.164065 0 10000 0 0 0 0 0 0 0 0 0
0.164269 0 10000 0 0 0 0 0 0 0 0 0
0.164473 0 10000 0 0 0 0 0 0 0 0 0
0.164677 0 10000 0 0 0 0 0 0 0 0 0
0.164881 0 10000 0 0 0 0 0 0 0 0 0
0.165085 0 10000 0 0 0 0 0 0 0 0 0
0.165289 0 10000 0 0 0 0 0 0 0 0 0
0.165493 0 10000 0 0 0 0 0 0 0 0 0
0.165697 0 10000 0 0 0 0 0 0 0 0 0
0.165901 0 10000 0 0 0 0 0 0 0 0 0
0.166105 0 10000 0 0 0 0 0 0 0 0 0
0.16631 0 10000 0 0 0 0 0 0 0 0 0
0.166514 0 10000 0 0 0 0 0 0 0 0 0
0.166718 0 10000 0 0 0 0 0 0 0 0 0
0.166922 0 10000 0 0 0 0 0 0 0 0 0
0.167126 0 10000 0 0 0 0 0 0 0 0 0
0.16733 0 10000 0 0 0 0 0 0 0 0 0
0.167534 0 10000 0 0 0 0 0 0 0 0 0
0.167738 0 10000 0 0 0 0 0 0 0 0 0
0.167942 0 10000 0 0 0 0 0 0 0 0 0
0.168146 0 10000 0 0 0 0 0 0 0 0 0
0.16835 0 10000 0 0 0 0 0 0 0 0 0
0.168554 0 10000 0 0 0 0 0 0 0 0 0
0.168758 0 10000 0 0 0 0 0 0 0 0 0
0.168962 0 10000 0 0 0 0 0 0 0 0 0
0.169166 0 10000 0 0 0 0 0 0 0 0 0
0.16937 0 10000 0 0 0 0 0 0 0 0 0
0.169575 0 10000 0 0 0 0 0 0 0 0 0
0.169779 0 10000 0 0 0 0 0 0 0 0 0
0.169983 0 10000 0 0 0 0 0 0 0 0 0
0.170187 0 10000 0 0 0 0 0 0 0 0 0
0.170391 0 10000 0 0 0 0 0 0 0 0 0
0.170595 0 10000 0 0 0 0 0 0 0 0 0
0.170799 0 10000 0 0 0 0 0 0 0 0 0
0.171003 0 10000 0 0 0 0 0 0 0 0 0
0.171207 0 10000 0 0 0 0 0 0 0 0 0
0.171411 0 10000 0 0 0 0 0 0 0 0 0
0.171615 0 10000 0 0 0 0 0 0 0 0 0
0.171819 0 10000 0 0 0 0 0 0 0 0 0
0.172023 0 10000 0 0 0 0 0 0 0 0 0
0.172227 0 10000 0 0 0 0 0 0 0 0 0
0.172431 0 10000 0 0 0 0 0 0 0 0 0
0.172635 0 10000 0 0 0 0 0 0 0 0 0
0.17284 0 10000 0 0 0 0 0 0 0 0 0
0.173044 0 10000 0 0 0 0 0 0 0 0 0
0.173248 0 10000 0 0 0 0 0 0 0 0 0
0.173452 0 10000 0 0 0 0 0 0 0 0 0
0.173656 0 10000 0 0 0 0 0 0 0 0 0
0.17386 0 10000 0 0 0 0 0 0 0 0 0
0.174064 0 10000 0 0 0 0 0 0 0 0 0
0.174268 0 10000 0 0 0 0 0 0 0 0 0
0.174472 0 10000 0 0 0 0 0 0 0 0 0
0.174676 0 10000 0 0 0 0 0 0 0 0 0
0.17488 0 10000 0 0 0 0 0 0 0 0 0
0.175084 0 10000 0 0 0 0 0 0 0 0 0
0.175288 0 10000 0 0 0 0 0 0 0 0 0
0.175492 0 10000 0 0 0 0 0 0 0 0 0
0.175696 0 10000 0 0 0 0 0 0 0 0 0
0.1759 0 10000 0 0 0 0 0 0 0 0 0
0.176104 0 10000 0 0 0 0 0 0 0 0 0
0.176309 0 10000 0 0 0 0 0 0 0 0 0
0.176513 0 10000 0 0 0 0 0 0 0 0 0
0.176717 0 10000 0 0 0 0 0 0 0 0 0
0.176921 0 10000 0 0 0 0 0 0 0 0 0
0.177125 0 10000 0 0 0 0 0 0 0 0 0
0.177329 0 10000 0 0 0 0 0 0 0 0 0
0.177533 0 10000 0 0 0 0 0 0 0 0 0
0.177737 0 10000 0 0 0 0 0 0 0 0 0
0.177941 0 10000 0 0 0 0 0 0 0 0 0
0.178145 0 10000 0 0 0 0 0 0 0 0 0
0.178349 0 10000 0 0 0 0 0 0 0 0 0
0.178553 0 10000 0 0 0 0 0 0 0 0 0
0.178757 0 10000 0 0 0 0 0 0 0 0 0
0.178961 0 10000 0 0 0 0 0 0 0 0 0
0.179165 0 10000 0 0 0 0 0 0 0 0 0
0.179369 0 10000 0 0 0 0 0 0 0 0 0
0.179574 0 10000 0 0 0 0 0 0 0 0 0
0.179778 0 10000 0 0 0 0 0 0 0 0 0
0.179982 0 10000 0 0 0 0 0 0 0 0 0
0.180186 0 10000 0 0 0 0 0 0 0 0 0
0.18039 0 10000 0 0 0 0 0 0 0 0 0
0.180594 0 10000 0 0 0 0 0 0 0 0 0
0.180798 0 10000 0 0 0 0 0 0 0 0 0
0.181002 0 10000 0 0 0 0 0 0 0 0 0
0.181206 0 10000 0 0 0 0 0 0 0 0 0
0.18141 0 10000 0 0 0 0 0 0 0 0 0
0.181614 0 10000 0 0 0 0 0 0 0 0 0
0.181818 0 10000 0 0 0 0 0 0 0 0 0
0.182022 0 10000 0 0 0 0 0 0 0 0 0
0.182226 0 10000 0 0 0 0 0 0 0 0 0
0.18243 0 10000 0 0 0 0 0 0 0 0 0
0.182634 0 10000 0 0 0 0 0 0 0 0 0
0.182838 0 10000 0 0 0 0 0 0 0 0 0
0.183043 0 10000 0 0 0 0 0 0 0 0 0
0.183247 0 10000 0 0 0 0 0 0 0 0 0
0.183451 0 10000 0 0 0 0 0 0 0 0 0
0.183655 0 10000 0 0 0 0 0 0 0 0 0
0.183859 0 10000 0 0 0 0 0 0 0 0 0
0.184063 0 10000 0 0 0 0 0 0 0 0 0
0.184267 0 10000 0 0 0 0 0 0 0 0 0
0.184471 0 10000 0 0 0 0 0 0 0 0 0
0.184675 0 10000 0 0 0 0 0 0 0 0 0
0.184879 0 10000 0 0 0 0 0 0 0 0 0
0.185083 0 10000 0 0 0 0 0 0 0 0 0
0.185287 0 10000 0 0 0 0 0 0 0 0 0
0.185491 0 10000 0 0 0 0 0 0 0 0 0
0.185695 0 10000 0 0 0 0 0 0 0 0 0
0.185899 0 10000 0 0 0 0 0 0 0 0 0
0.186103 0 10000 0 0 0 0 0 0 0 0 0
0.186308 0 10000 0 0 0 0 0 0 0 0 0
0.186512 0 10000 0 0 0 0 0 0 0 0 0
0.186716 0 10000 0 0 0 0 0 0 0 0 0
0.18692 0 10000 0 0 0 0 0 0 0 0 0
0.187124 0 10000 0 0 0 0 0 0 0 0 0
0.187328 0 10000 0 0 0 0 0 0 0 0 0
0.187532 0 10000 0 0 0 0 0 0 0 0 0
0.187736 0 10000 0 0 0 0 0 0 0 0 0
0.18794 0 10000 0 0 0 0 0 0 0 0 0
0.188144 0 10000 0 0 0 0 0 0 0 0 0
0.188348 0 10000 0 0 0 0 0 0 0 0 0
0.188552 0 10000 0 0 0 0 0 0 0 0 0
0.188756 0 10000 0 0 0 0 0 0 0 0 0
0.18896 0 10000 0 0 0 0 0 0 0 0 0
0.189164 0 10000 0 0 0 0 0 0 0 0 0
0.189368 0 10000 0 0 0 0 0 0 0 0 0
0.189572 0 10000 0 0 0 0 0 0 0 0 0
0.189777 0 10000 0 0 0 0 0 0 0 0 0
0.189981 0 10000 0 0 0 0 0 0 0 0 0
0.190185 0 10000 0 0 0 0 0 0 0 0 0
0.190389 0 10000 0 0 0 0 0 0 0 0 0
0.190593 0 10000 0 0 0 0 0 0 0 0 0
0.190797 0 10000 0 0 0 0 0 0 0 0 0
0.191001 0 10000 0 0 0 0 0 0 0 0 0
0.191205 0 10000 0 0 0 0 0 0 0 0 0
0.191409 0 10000 0 0 0 0 0 0 0 0 0
0.191613 0 10000 0 0 0 0 0 0 0 0 0
0.191817 0 10000 0 0 0 0 0 0 0 0 0
0.192021 0 10000 0 0 0 0 0 0 0 0 0
0.192225 0 10000 0 0 0 0 0 0 0 0 0
0.192429 0 10000 0 0 0 0 0 0 0 0 0
0.192633 0 10000 0 0 0 0 0 0 0 0 0
0.192837 0 10000 0 0 0 0 0 0 0 0 0
0.193042 0 10000 0 0 0 0 0 0 0 0 0
0.193246 0 10000 0 0 0 0 0 0 0 0 0
0.19345 0 10000 0 0 0 0 0 0 0 0 0
0.193654 0 10000 0 0 0 0 0 0 0 0 0
0.193858 0 10000 0 0 0 0 0 0 0 0 0
0.194062 0 10000 0 0 0 0 0 0 0 0 0
0.194266 0 10000 0 0 0 0 0 0 0 0 0
0.19447 0 10000 0 0 0 0 0 0 0 0 0
0.194674 0 10000 0 0 0 0 0 0 0 0 0
0.194878 0 10000 0 0 0 0 0 0 0 0 0
0.195082 0 10000 0 0 0 0 0 0 0 0 0
0.195286 0 10000 0 0 0 0 0 0 0 0 0
0.19549 0 10000 0 0 0 0 0 0 0 0 0
0.195694 0 10000 0 0 0 0 0 0 0 0 0
0.195898 0 10000 0 0 0 0 0 0 0 0 0
0.196102 0 10000 0 0 0 0 0 0 0 0 0
0.196306 0 10000 0 0 0 0 0 0 0 0 0
0.196511 0 10000 0 0 0 0 0 0 0 0 0
0.196715 0 10000 0 0 0 0 0 0 0 0 0
0.196919 0 10000 0 0 0 0 0 0 0 0 0
0.197123 0 10000 0 0 0 0 0 0 0 0 0
0.197327 0 10000 0 0 0 0 0 0 0 0 0
0.197531 0 10000 0 0 0 0 0 0 0 0 0
0.197735 0 10000 0 0 0 0 0 0 0 0 0
0.197939 0 10000 0 0 0 0 0 0 0 0 0
0.198143 0 10000 0 0 0 0 0 0 0 0 0
0.198347 0 10000 0 0 0 0 0 0 0 0 0
0.198551 0 10000 0 0 0 0 0 0 0 0 0
0.198755 0 10000 0 0 0 0 0 0 0 0 0
0.198959 0 10000 0 0 0 0 0 0 0 0 0
0.199163 0 10000 0 0 0 0 0 0 0 0 0
0.199367 0 10000 0 0 0 0 0 0 0 0 0
0.199571 0 10000 0 0 0 0 0 0 0 0 0
0.199776 0 10000 0 0 0 0 0 0 0 0 0
0.19998 0 10000 0 0 0 0 0 0 0 0 0
0.200184 0 10000 0 0 0 0 0 0 0 0 0
0.200388 0 10000 0 0 0 0 0 0 0 0 0
0.200592 0 10000 0 0 0 0 0 0 0 0 0
0.200796 0 10000 0 0 0 0 0 0 0 0 0
0.201 0 10000 0 0 0 0 0 0 0 0 0
0.201204 0 10000 0 0 0 0 0 0 0 0 0
0.201408 0 10000 0 0 0 0 0 0 0 0 0
0.201612 0 10000 0 0 0 0 0 0 0 0 0
0.201816 0 10000 0 0 0 0 0 0 0 0 0
0.20202 0 10000 0 0 0 0 0 0 0 0 0
0.202224 0 10000 0 0 0 0 0 0 0 0 0
0.202428 0 10000 0 0 0 0 0 0 0 0 0
0.202632 0 10000 0 0 0 0 0 0 0 0 0
0.202836 0 10000 0 0 0 0 0 0 0 0 0
0.203041 0 10000 0 0 0 0 0 0 0 0 0
0.203245 0 10000 0 0 0 0 0 0 0 0 0
0.203449 0 10000 0 0 0 0 0 0 0 0 0
0.203653 0 10000 0 0 0 0 0 0 0 0 0
0.203857 0 10000 0 0 0 0 0 0 0 0 0
0.204061 0 10000 0 0 0 0 0 0 0 0 0
0.204265 0 10000 0 0 0 0 0 0 0 0 0
0.204469 0 10000 0 0 0 0 0 0 0 0 0
0.204673 0 10000 0 0 0 0 0 0 0 0 0
0.204877 0 10000 0 0 0 0 0 0 0 0 0
0.205081 0 10000 0 0 0 0 0 0 0 0 0
0.205285 0 10000 0 0 0 0 0 0 0 0 0
0.205489 0 10000 0 0 0 0 0 0 0 0 0
0.205693 0 10000 0 0 0 0 0 0 0 0 0
0.205897 0 10000 0 0 0 0 0 0 0 0 0
0.206101 0 10000 0 0 0 0 0 0 0 0 0
0.206305 0 10000 0 0 0 0 0 0 0 0 0
0.20651 0 10000 0 0 0 0 0 0 0 0 0
0.206714 0 10000 0 0 0 0 0 0 0 0 0
0.206918 0 10000 0 0 0 0 0 0 0 0 0
0.207122 0 10000 0 0 0 0 0 0 0 0 0
0.207326 0 10000 0 0 0 0 0 0 0 0 0
0.20753 0 10000 0 0 0 0 0 0 0 0 0
0.207734 0 10000 0 0 0 0 0 0 0 0 0
0.207938 0 10000 0 0 0 0 0 0 0 0 0
0.208142 0 10000 0 0 0 0 0 0 0 0 0
0.208346 0 10000 0 0 0 0 0 0 0 0 0
0.20855 0 10000 0 0 0 0 0 0 0 0 0
0.208754 0 10000 0 0 0 0 0 0 0 0 0
0.208958 0 10000 0 0 0 0 0 0 0 0 0
0.209162 0 10000 0 0 0 0 0 0 0 0 0
0.209366 0 10000 0 0 0 0 0 0 0 0 0
0.20957 0 10000 0 0 0 0 0 0 0 0 0
0.209775 0 10000 0 0 0 0 0 0 0 0 0
0.209979 0 10000 0 0 0 0 0 0 0 0 0
0.210183 0 10000 0 0 0 0 0 0 0 0 0
0.210387 0 10000 0 0 0 0 0 0 0 0 0
0.210591 0 10000 0 0 0 0 0 0 0 0 0
0.210795 0 10000 0 0 0 0 0 0 0 0 0
0.210999 0 10000 0 0 0 0 0 0 0 0 0
0.211203 0 10000 0 0 0 0 0 0 0 0 0
0.211407 0 10000 0 0 0 0 0 0 0 0 0
0.211611 0 10000 0 0 0 0 0 0 0 0 0
0.211815 0 10000 0 0 0 0 0 0 0 0 0
0.212019 0 10000 0 0 0 0 0 0 0 0 0
0.212223 0 10000 0 0 0 0 0 0 0 0 0
0.212427 0 10000 0 0 0 0 0 0 0 0 0
0.212631 0 10000 0 0 0 0 0 0 0 0 0
0.212835 0 10000 0 0 0 0 0 0 0 0 0
0.213039 0 10000 0 0 0 0 0 0 0 0 0
0.213244 0 10000 0 0 0 0 0 0 0 0 0
0.213448 0 10000 0 0 0 0 0 0 0 0 0
0.213652 0 10000 0 0 0 0 0 0 0 0 0
0.213856 0 10000 0 0 0 0 0 0 0 0 0
0.21406 0 10000 0 0 0 0 0 0 0 0 0
0.214264 0 10000 0 0 0 0 0 0 0 0 0
0.214468 0 10000 0 0 0 0 0 0 0 0 0
0.214672 0 10000 0 0 0 0 0 0 0 0 0
0.214876 0 10000 0 0 0 0 0 0 0 0 0
0.21508 0 10000 0 0 0 0 0 0 0 0 0
0.215284 0 10000 0 0 0 0 0 0 0 0 0
0.215488 0 10000 0 0 0 0 0 0 0 0 0
0.215692 0 10000 0 0 0 0 0 0 0 0 0
0.215896 0 10000 0 0 0 0 0 0 0 0 0
0.2161 0 10000 0 0 0 0 0 0 0 0 0
0.216304 0 10000 0 0 0 0 0 0 0 0 0
0.216509 0 10000 0 0 0 0 0 0 0 0 0
0.216713 0 10000 0 0 0 0 0 0 0 0 0
0.216917 0 10000 0 0 0 0 0 0 0 0 0
0.217121 0 10000 0 0 0 0 0 0 0 0 0
0.217325 0 10000 0 0 0 0 0 0 0 0 0
0.217529 0 10000 0 0 0 0 0 0 0 0 0
0.217733 0 10000 0 0 0 0 0 0 0 0 0
0.217937 0 10000 0 0 0 0 0 0 0 0 0
0.218141 0 10000 0 0 0 0 0 0 0 0 0
0.218345 0 10000 0 0 0 0 0 0 0 0 0
0.218549 0 10000 0 0 0 0 0 0 0 0 0
0.218753 0 10000 0 0 0 0 0 0 0 0 0
0.218957 0 10000 0 0 0 0 0 0 0 0 0
0.219161 0 10000 0 0 0 0 0 0 0 0 0
0.219365 0 10000 0 0 0 0 0 0 0 0 0
0.219569 0 10000 0 0 0 0 0 0 0 0 0
0.219773 0 10000 0 0 0 0 0 0 0 0 0
0.219978 0 10000 0 0 0 0 0 0 0 0 0
0.220182 0 10000 0 0 0 0 0 0 0 0 0
0.220386 0 10000 0 0 0 0 0 0 0 0 0
0.22059 0 10000 0 0 0 0 0 0 0 0 0
0.220794 0 10000 0 0 0 0 0 0 0 0 0
0.220998 0 10000 0 0 0 0 0 0 0 0 0
0.221202 0 10000 0 0 0 0 0 0 0 0 0
0.221406 0 10000 0 0 0 0 0 0 0 0 0
0.22161 0 10000 0 0 0 0 0 0 0 0 0
0.221814 0 10000 0 0 0 0 0 0 0 0 0
0.222018 0 10000 0 0 0 0 0 0 0 0 0
0.222222 0 10000 0 0 0 0 0 0 0 0 0
0.222426 0 10000 0 0 0 0 0 0 0 0 0
0.22263 0 10000 0 0 0 0 0 0 0 0 0
0.222834 0 10000 0 0 0 0 0 0 0 0 0
0.223038 0 10000 0 0 0 0 0 0 0 0 0
0.223243 0 10000 0 0 0 0 0 0 0 0 0
0.223447 0 10000 0 0 0 0 0 0 0 0 0
0.223651 0 10000 0 0 0 0 0 0 0 0 0
0.223855 0 10000 0 0 0 0 0 0 0 0 0
0.224059 0 10000 0 0 0 0 0 0 0 0 0
0.224263 0 10000 0 0 0 0 0 0 0 0 0
0.224467 0 10000 0 0 0 0 0 0 0 0 0
0.224671 0 10000 0 0 0 0 0 0 0 0 0
0.224875 0 10000 0 0 0 0 0 0 0 0 0
0.225079 0 10000 0 0 0 0 0 0 0 0 0
0.225283 0 10000 0 0 0 0 0 0 0 0 0
0.225487 0 10000 0 0 0 0 0 0 0 0 0
0.225691 0 10000 0 0 0 0 0 0 0 0 0
0.225895 0 10000 0 0 0 0 0 0 0 0 0
0.226099 0 10000 0 0 0 0 0 0 0 0 0
0.226303 0 10000 0 0 0 0 0 0 0 0 0
0.226507 0 10000 0 0 0 0 0 0 0 0 0
0.226712 0 10000 0 0 0 0 0 0 0 0 0
0.226916 0 10000 0 0 0 0 0 0 0 0 0
0.22712 0 10000 0 0 0 0 0 0 0 0 0
0.227324 0 10000 0 0 0 0 0 0 0 0 0
0.227528 0 10000 0 0 0 0 0 0 0 0 0
0.227732 0 10000 0 0 0 0 0 0 0 0 0
0.227936 0 10000 0 0 0 0 0 0 0 0 0
0.22814 0 10000 0 0 0 0 0 0 0 0 0
0.228344 0 10000 0 0 0 0 0 0 0 0 0
0.228548 0 10000 0 0 0 0 0 0 0 0 0
0.228752 0 10000 0 0 0 0 0 0 0 0 0
0.228956 0 10000 0 0 0 0 0 0 0 0 0
0.22916 0 10000 0 0 0 0 0 0 0 0 0
0.229364 0 10000 0 0 0 0 0 0 0 0 0
0.229568 0 10000 0 0 0 0 0 0 0 0 0
0.229772 0 10000 0 0 0 0 0 0 0 0 0
0.229977 0 10000 0 0 0 0 0 0 0 0 0
0.230181 0 10000 0 0 0 0 0 0 0 0 0
0.230385 0 10000 0 0 0 0 0 0 0 0 0
0.230589 0 10000 0 0 0 0 0 0 0 0 0
0.230793 0 10000 0 0 0 0 0 0 0 0 0
0.230997 0 10000 0 0 0 0 0 0 0 0 0
0.231201 0 10000 0 0 0 0 0 0 0 0 0
0.231405 0 10000 0 0 0 0 0 0 0 0 0
0.231609 0 10000 0 0 0 0 0 0 0 0 0
0.231813 0 10000 0 0 0 0 0 0 0 0 0
0.232017 0 10000 0 0 0 0 0 0 0 0 0
0.232221 0 10000 0 0 0 0 0 0 0 0 0
0.232425 0 10000 0 0 0 0 0 0 0 0 0
0.232629 0 10000 0 0 0 0 0 0 0 0 0
0.232833 0 10000 0 0 0 0 0 0 0 0 0
0.233037 0 10000 0 0 0 0 0 0 0 0 0
0.233242 0 10000 0 0 0 0 0 0 0 0 0
0.233446 0 10000 0 0 0 0 0 0 0 0 0
0.23365 0 10000 0 0 0 0 0 0 0 0 0
0.233854 0 10000 0 0 0 0 0 0 0 0 0
0.234058 0 10000 0 0 0 0 0 0 0 0 0
0.234262 0 10000 0 0 0 0 0 0 0 0 0
0.234466 0 10000 0 0 0 0 0 0 0 0 0
0.23467 0 10000 0 0 0 0 0 0 0 0 0
0.234874 0 10000 0 0 0 0 0 0 0 0 0
0.235078 0 10000 0 0 0 0 0 0 0 0 0
0.235282 0 10000 0 0 0 0 0 0 0 0 0
0.235486 0 10000 0 0 0 0 0 0 0 0 0
0.23569 0 10000 0 0 0 0 0 0 0 0 0
0.235894 0 10000 0 0 0 0 0 0 0 0 0
0.236098 0 10000 0 0 0 0 0 0 0 0 0
0.236302 0 10000 0 0 0 0 0 0 0 0 0
0.236506 0 10000 0 0 0 0 0 0 0 0 0
0.236711 0 10000 0 0 0 0 0 0 0 0 0
0.236915 0 10000 0 0 0 0 0 0 0 0 0
0.237119 0 10000 0 0 0 0 0 0 0 0 0
0.237323 0 10000 0 0 0 0 0 0 0 0 0
0.237527 0 10000 0 0 0 0 0 0 0 0 0
0.237731 0 10000 0 0 0 0 0 0 0 0 0
0.237935 0 10000 0 0 0 0 0 0 0 0 0
0.238139 0 10000 0 0 0 0 0 0 0 0 0
0.238343 0 10000 0 0 0 0 0 0 0 0 0
0.238547 0 10000 0 0 0 0 0 0 0 0 0
0.238751 0 10000 0 0 0 0 0 0 0 0 0
0.238955 0 10000 0 0 0 0 0 0 0 0 0
0.239159 0 10000 0 0 0 0 0 0 0 0 0
0.239363 0 10000 0 0 0 0 0 0 0 0 0
0.239567 0 10000 0 0 0 0 0 0 0 0 0
0.239771 0 10000 0 0 0 0 0 0 0 0 0
0.239976 0 10000 0 0 0 0 0 0 0 0 0
0.24018 0 10000 0 0 0 0 0 0 0 0 0
0.240384 0 10000 0 0 0 0 0 0 0 0 0
0.240588 0 10000 0 0 0 0 0 0 0 0 0
0.240792 0 10000 0 0 0 0 0 0 0 0 0
0.240996 0 10000 0 0 0 0 0 0 0 0 0
0.2412 0 10000 0 0 0 0 0 0 0 0 0
0.241404 0 10000 0 0 0 0 0 0 0 0 0
0.241608 0 10000 0 0 0 0 0 0 0 0 0
0.241812 0 10000 0 0 0 0 0 0 0 0 0
0.242016 0 10000 0 0 0 0 0 0 0 0 0
0.24222 0 10000 0 0 0 0 0 0 0 0 0
0.242424 0 10000 0 0 0 0 0 0 0 0 0
0.242628 0 10000 0 0 0 0 0 0 0 0 0
0.242832 0 10000 0 0 0 0 0 0 0 0 0
0.243036 0 10000 0 0 0 0 0 0 0 0 0
0.24324 0 10000 0 0 0 0 0 0 0 0 0
0.243445 0 10000 0 0 0 0 0 0 0 0 0
0.243649 0 10000 0 0 0 0 0 0 0 0 0
0.243853 0 10000 0 0 0 0 0 0 0 0 0
0.244057 0 10000 0 0 0 0 0 0 0 0 0
0.244261 0 10000 0 0 0 0 0 0 0 0 0
0.244465 0 10000 0 0 0 0 0 0 0 0 0
0.244669 0 10000 0 0 0 0 0 0 0 0 0
0.244873 0 10000 0 0 0 0 0 0 0 0 0
0.245077 0 10000 0 0 0 0 0 0 0 0 0
0.245281 0 10000 0 0 0 0 0 0 0 0 0
0.245485 0 10000 0 0 0 0 0 0 0 0 0
0.245689 0 10000 0 0 0 0 0 0 0 0 0
0.245893 0 10000 0 0 0 0 0 0 0 0 0
0.246097 0 10000 0 0 0 0 0 0 0 0 0
0.246301 0 10000 0 0 0 0 0 0 0 0 0
0.246505 0 10000 0 0 0 0 0 0 0 0 0
0.24671 0 10000 0 0 0 0 0 0 0 0 0
0.246914 0 10000 0 0 0 0 0 0 0 0 0
0.247118 0 10000 0 0 0 0 0 0 0 0 0
0.247322 0 10000 0 0 0 0 0 0 0 0 0
0.247526 0 10000 0 0 0 0 0 0 0 0 0
0.24773 0 10000 0 0 0 0 0 0 0 0 0
0.247934 0 10000 0 0 0 0 0 0 0 0 0
0.248138 0 10000 0 0 0 0 0 0 0 0 0
0.248342 0 10000 0 0 0 0 0 0 0 0 0
0.248546 0 10000 0 0 0 0 0 0 0 0 0
0.24875 0 10000 0 0 0 0 0 0 0 0 0
0.248954 0 10000 0 0 0 0 0 0 0 0 0
0.249158 0 10000 0 0 0 0 0 0 0 0 0
0.249362 0 10000 0 0 0 0 0 0 0 0 0
0.249566 0 10000 0 0 0 0 0 0 0 0 0
0.24977 0 10000 0 0 0 0 0 0 0 0 0
0.249974 0 10000 0 0 0 0 0 0 0 0 0
0.250179 0 10000 0 0 0 0 0 0 0 0 0
0.250383 0 10000 0 0 0 0 0 0 0 0 0
0.250587 0 10000 0 0 0 0 0 0 0 0 0
0.250791 0 10000 0 0 0 0 0 0 0 0 0
0.250995 0 10000 0 0 0 0 0 0 0 0 0
0.251199 0 10000 0 0 0 0 0 0 0 0 0
0.251403 0 10000 0 0 0 0 0 0 0 0 0
0.251607 0 10000 0 0 0 0 0 0 0 0 0
0.251811 0 10000 0 0 0 0 0 0 0 0 0
0.252015 0 10000 0 0 0 0 0 0 0 0 0
0.252219 0 10000 0 0 0 0 0 0 0 0 0
0.252423 0 10000 0 0 0 0 0 0 0 0 0
0.252627 0 10000 0 0 0 0 0 0 0 0 0
0.252831 0 10000 0 0 0 0 0 0 0 0 0
0.253035 0 10000 0 0 0 0 0 0 0 0 0
0.253239 0 10000 0 0 0 0 0 0 0 0 0
0.253444 0 10000 0 0 0 0 0 0 0 0 0
0.253648 0 10000 0 0 0 0 0 0 0 0 0
0.253852 0 10000 0 0 0 0 0 0 0 0 0
0.254056 0 10000 0 0 0 0 0 0 0 0 0
0.25426 0 10000 0 0 0 0 0 0 0 0 0
0.254464 0 10000 0 0 0 0 0 0 0 0 0
0.254668 0 10000 0 0 0 0 0 0 0 0 0
0.254872 0 10000 0 0 0 0 0 0 0 0 0
0.255076 0 10000 0 0 0 0 0 0 0 0 0
0.25528 0 10000 0 0 0 0 0 0 0 0 0
0.255484 0 10000 0 0 0 0 0 0 0 0 0
0.255688 0 10000 0 0 0 0 0 0 0 0 0
0.255892 0 10000 0 0 0 0 0 0 0 0 0
0.256096 0 10000 0 0 0 0 0 0 0 0 0
0.2563 0 10000 0 0 0 0 0 0 0 0 0
0.256504 0 10000 0 0 0 0 0 0 0 0 0
0.256708 0 10000 0 0 0 0 0 0 0 0 0
0.256913 0 10000 0 0 0 0 0 0 0 0 0
0.257117 0 10000 0 0 0 0 0 0 0 0 0
0.257321 0 10000 0 0 0 0 0 0 0 0 0
0.257525 0 10000 0 0 0 0 0 0 0 0 0
0.257729 0 10000 0 0 0 0 0 0 0 0 0
0.257933 0 10000 0 0 0 0 0 0 0 0 0
0.258137 0 10000 0 0 0 0 0 0 0 0 0
0.258341 0 10000 0 0 0 0 0 0 0 0 0
0.258545 0 10000 0 0 0 0 0 0 0 0 0
0.258749 0 10000 0 0 0 0 0 0 0 0 0
0.258953 0 10000 0 0 0 0 0 0 0 0 0
0.259157 0 10000 0 0 0 0 0 0 0 0 0
0.259361 0 10000 0 0 0 0 0 0 0 0 0
0.259565 0 10000 0 0 0 0 0 0 0 0 0
0.259769 0 10000 0 0 0 0 0 0 0 0 0
0.259973 0 10000 0 0 0 0 0 0 0 0 0
0.260178 0 10000 0 0 0 0 0 0 0 0 0
0.260382 0 10000 0 0 0 0 0 0 0 0 0
0.260586 0 10000 0 0 0 0 0 0 0 0 0
0.26079 0 10000 0 0 0 0 0 0 0 0 0
0.260994 0 10000 0 0 0 0 0 0 0 0 0
0.261198 0 10000 0 0 0 0 0 0 0 0 0
0.261402 0 10000 0 0 0 0 0 0 0 0 0
0.261606 0 10000 0 0 0 0 0 0 0 0 0
0.26181 0 10000 0 0 0 0 0 0 0 0 0
0.262014 0 10000 0 0 0 0 0 0 0 0 0
0.262218 0 10000 0 0 0 0 0 0 0 0 0
0.262422 0 10000 0 0 0 0 0 0 0 0 0
0.262626 0 10000 0 0 0 0 0 0 0 0 0
0.26283 0 10000 0 0 0 0 0 0 0 0 0
0.263034 0 10000 0 0 0 0 0 0 0 0 0
0.263238 0 10000 0 0 0 0 0 0 0 0 0
0.263443 0 10000 0 0 0 0 0 0 0 0 0
0.263647 0 10000 0 0 0 0 0 0 0 0 0
0.263851 0 10000 0 0 0 0 0 0 0 0 0
0.264055 0 10000 0 0 0 0 0 0 0 0 0
0.264259 0 10000 0 0 0 0 0 0 0 0 0
0.264463 0 10000 0 0 0 0 0 0 0 0 0
0.264667 0 10000 0 0 0 0 0 0 0 0 0
0.264871 0 10000 0 0 0 0 0 0 0 0 0
0.265075 0 10000 0 0 0 0 0 0 0 0 0
0.265279 0 10000 0 0 0 0 0 0 0 0 0
0.265483 0 10000 0 0 0 0 0 0 0 0 0
0.265687 0 10000 0 0 0 0 0 0 0 0 0
0.265891 0 10000 0 0 0 0 0 0 0 0 0
0.266095 0 10000 0 0 0 0 0 0 0 0 0
0.266299 0 10000 0 0 0 0 0 0 0 0 0
0.266503 0 10000 0 0 0 0 0 0 0 0 0
0.266707 0 10000 0 0 0 0 0 0 0 0 0
0.266912 0 10000 0 0 0 0 0 0 0 0 0
0.267116 0 10000 0 0 0 0 0 0 0 0 0
0.26732 0 10000 0 0 0 0 0 0 0 0 0
0.267524 0 10000 0 0 0 0 0 0 0 0 0
0.267728 0 10000 0 0 0 0 0 0 0 0 0
0.267932 0 10000 0 0 0 0 0 0 0 0 0
0.268136 0 10000 0 0 0 0 0 0 0 0 0
0.26834 0 10000 0 0 0 0 0 0 0 0 0
0.268544 0 10000 0 0 0 0 0 0 0 0 0
0.268748 0 10000 0 0 0 0 0 0 0 0 0
0.268952 0 10000 0 0 0 0 0 0 0 0 0
0.269156 0 10000 0 0 0 0 0 0 0 0 0
0.26936 0 10000 0 0 0 0 0 0 0 0 0
0.269564 0 10000 0 0 0 0 0 0 0 0 0
0.269768 0 10000 0 0 0 0 0 0 0 0 0
0.269972 0 10000 0 0 0 0 0 0 0 0 0
0.270177 0 10000 0 0 0 0 0 0 0 0 0
0.270381 0 10000 0 0 0 0 0 0 0 0 0
0.270585 0 10000 0 0 0 0 0 0 0 0 0
0.270789 0 10000 0 0 0 0 0 0 0 0 0
0.270993 0 10000 0 0 0 0 0 0 0 0 0
0.271197 0 10000 0 0 0 0 0 0 0 0 0
0.271401 0 10000 0 0 0 0 0 0 0 0 0
0.271605 0 10000 0 0 0 0 0 0 0 0 0
0.271809 0 10000 0 0 0 0 0 0 0 0 0
0.272013 0 10000 0 0 0 0 0 0 0 0 0
0.272217 0 10000 0 0 0 0 0 0 0 0 0
0.272421 0 10000 0 0 0 0 0 0 0 0 0
0.272625 0 10000 0 0 0 0 0 0 0 0 0
0.272829 0 10000 0 0 0 0 0 0 0 0 0
0.273033 0 10000 0 0 0 0 0 0 0 0 0
0.273237 0 10000 0 0 0 0 0 0 0 0 0
0.273441 0 10000 0 0 0 0 0 0 0 0 0
0.273646 0 10000 0 0 0 0 0 0 0 0 0
0.27385 0 10000 0 0 0 0 0 0 0 0 0
0.274054 0 10000 0 0 0 0 0 0 0 0 0
0.274258 0 10000 0 0 0 0 0 0 0 0 0
0.274462 0 10000 0 0 0 0 0 0 0 0 0
0.274666 0 10000 0 0 0 0 0 0 0 0 0
0.27487 0 10000 0 0 0 0 0 0 0 0 0
0.275074 0 10000 0 0 0 0 0 0 0 0 0
0.275278 0 10000 0 0 0 0 0 0 0 0 0
0.275482 0 10000 0 0 0 0 0 0 0 0 0
0.275686 0 10000 0 0 0 0 0 0 0 0 0
0.27589 0 10000 0 0 0 0 0 0 0 0 0
0.276094 0 10000 0 0 0 0 0 0 0 0 0
0.276298 0 10000 0 0 0 0 0 0 0 0 0
0.276502 0 10000 0 0 0 0 0 0 0 0 0
0.276706 0 10000 0 0 0 0 0 0 0 0 0
0.276911 0 10000 0 0 0 0 0 0 0 0 0
0.277115 0 10000 0 0 0 0 0 0 0 0 0
0.277319 0 10000 0 0 0 0 0 0 0 0 0
0.277523 0 10000 0 0 0 0 0 0 0 0 0
0.277727 0 10000 0 0 0 0 0 0 0 0 0
0.277931 0 10000 0 0 0 0 0 0 0 0 0
0.278135 0 10000 0 0 0 0 0 0 0 0 0
0.278339 0 10000 0 0 0 0 0 0 0 0 0
0.278543 0 10000 0 0 0 0 0 0 0 0 0
0.278747 0 10000 0 0 0 0 0 0 0 0 0
0.278951 0 10000 0 0 0 0 0 0 0 0 0
0.279155 0 10000 0 0 0 0 0 0 0 0 0
0.279359 0 10000 0 0 0 0 0 0 0 0 0
0.279563 0 10000 0 0 0 0 0 0 0 0 0
0.279767 0 10000 0 0 0 0 0 0 0 0 0
0.279971 0 10000 0 0 0 0 0 0 0 0 0
0.280175 0 10000 0 0 0 0 0 0 0 0 0
0.28038 0 10000 0 0 0 0 0 0 0 0 0
0.280584 0 10000 0 0 0 0 0 0 0 0 0
0.280788 0 10000 0 0 0 0 0 0 0 0 0
0.280992 0 10000 0 0 0 0 0 0 0 0 0
0.281196 0 10000 0 0 0 0 0 0 0 0 0
0.2814 0 10000 0 0 0 0 0 0 0 0 0
0.281604 0 10000 0 0 0 0 0 0 0 0 0
0.281808 0 10000 0 0 0 0 0 0 0 0 0
0.282012 0 10000 0 0 0 0 0 0 0 0 0
0.282216 0 10000 0 0 0 0 0 0 0 0 0
0.28242 0 10000 0 0 0 0 0 0 0 0 0
0.282624 0 10000 0 0 0 0 0 0 0 0 0
0.282828 0 10000 0 0 0 0 0 0 0 0 0
0.283032 0 10000 0 0 0 0 0 0 0 0 0
0.283236 0 10000 0 0 0 0 0 0 0 0 0
0.28344 0 10000 0 0 0 0 0 0 0 0 0
0.283645 0 10000 0 0 0 0 0 0 0 0 0
0.283849 0 10000 0 0 0 0 0 0 0 0 0
0.284053 0 10000 0 0 0 0 0 0 0 0 0
0.284257 0 10000 0 0 0 0 0 0 0 0 0
0.284461 0 10000 0 0 0 0 0 0 0 0 0
0.284665 0 10000 0 0 0 0 0 0 0 0 0
0.284869 0 10000 0 0 0 0 0 0 0 0 0
0.285073 0 10000 0 0 0 0 0 0 0 0 0
0.285277 0 10000 0 0 0 0 0 0 0 0 0
0.285481 0 10000 0 0 0 0 0 0 0 0 0
0.285685 0 10000 0 0 0 0 0 0 0 0 0
0.285889 0 10000 0 0 0 0 0 0 0 0 0
0.286093 0 10000 0 0 0 0 0 0 0 0 0
0.286297 0 10000 0 0 0 0 0 0 0 0 0
0.286501 0 10000 0 0 0 0 0 0 0 0 0
0.286705 0 10000 0 0 0 0 0 0 0 0 0
0.286909 0 10000 0 0 0 0 0 0 0 0 0
0.287114 0 10000 0 0 0 0 0 0 0 0 0
0.287318 0 10000 0 0 0 0 0 0 0 0 0
0.287522 0 10000 0 0 0 0 0 0 0 0 0
0.287726 0 10000 0 0 0 0 0 0 0 0 0
0.28793 0 10000 0 0 0 0 0 0 0 0 0
0.288134 0 10000 0 0 0 0 0 0 0 0 0
0.288338 0 10000 0 0 0 0 0 0 0 0 0
0.288542 0 10000 0 0 0 0 0 0 0 0 0
0.288746 0 10000 0 0 0 0 0 0 0 0 0
0.28895 0 10000 0 0 0 0 0 0 0 0 0
0.289154 0 10000 0 0 0 0 0 0 0 0 0
0.289358 0 10000 0 0 0 0 0 0 0 0 0
0.289562 0 10000 0 0 0 0 0 0 0 0 0
0.289766 0 10000 0 0 0 0 0 0 0 0 0
0.28997 0 10000 0 0 0 0 0 0 0 0 0
0.290174 0 10000 0 0 0 0 0 0 0 0 0
0.290379 0 10000 0 0 0 0 0 0 0 0 0
0.290583 0 10000 0 0 0 0 0 0 0 0 0
0.290787 0 10000 0 0 0 0 0 0 0 0 0
0.290991 0 10000 0 0 0 0 0 0 0 0 0
0.291195 0 10000 0 0 0 0 0 0 0 0 0
0.291399 0 10000 0 0 0 0 0 0 0 0 0
0.291603 0 10000 0 0 0 0 0 0 0 0 0
0.291807 0 10000 0 0 0 0 0 0 0 0 0
0.292011 0 10000 0 0 0 0 0 0 0 0 0
0.292215 0 10000 0 0 0 0 0 0 0 0 0
0.292419 0 10000 0 0 0 0 0 0 0 0 0
0.292623 0 10000 0 0 0 0 0 0 0 0 0
0.292827 0 10000 0 0 0 0 0 0 0 0 0
0.293031 0 10000 0 0 0 0 0 0 0 0 0
0.293235 0 10000 0 0 0 0 0 0 0 0 0
0.293439 0 10000 0 0 0 0 0 0 0 0 0
0.293644 0 10000 0 0 0 0 0 0 0 0 0
0.293848 0 10000 0 0 0 0 0 0 0 0 0
0.294052 0 10000 0 0 0 0 0 0 0 0 0
0.294256 0 10000 0 0 0 0 0 0 0 0 0
0.29446 0 10000 0 0 0 0 0 0 0 0 0
0.294664 0 10000 0 0 0 0 0 0 0 0 0
0.294868 0 10000 0 0 0 0 0 0 0 0 0
0.295072 0 10000 0 0 0 0 0 0 0 0 0
0.295276 0 10000 0 0 0 0 0 0 0 0 0
0.29548 0 10000 0 0 0 0 0 0 0 0 0
0.295684 0 10000 0 0 0 0 0 0 0 0 0
0.295888 0 10000 0 0 0 0 0 0 0 0 0
0.296092 0 10000 0 0 0 0 0 0 0 0 0
0.296296 0 10000 0 0 0 0 0 0 0 0 0
0.2965 0 10000 0 0 0 0 0 0 0 0 0
0.296704 0 10000 0 0 0 0 0 0 0 0 0
0.296908 0 10000 0 0 0 0 0 0 0 0 0
0.297113 0 10000 0 0 0 0 0 0 0 0 0
0.297317 0 10000 0 0 0 0 0 0 0 0 0
0.297521 0 10000 0 0 0 0 0 0 0 0 0
0.297725 0 10000 0 0 0 0 0 0 0 0 0
0.297929 0 10000 0 0 0 0 0 0 0 0 0
0.298133 0 10000 0 0 0 0 0 0 0 0 0
0.298337 0 10000 0 0 0 0 0 0 0 0 0
0.298541 0 10000 0 0 0 0 0 0 0 0 0
0.298745 0 10000 0 0 0 0 0 0 0 0 0
0.298949 0 10000 0 0 0 0 0 0 0 0 0
0.299153 0 10000 0 0 0 0 0 0 0 0 0
0.299357 0 10000 0 0 0 0 0 0 0 0 0
0.299561 0 10000 0 0 0 0 0 0 0 0 0
0.299765 0 10000 0 0 0 0 0 0 0 0 0
0.299969 0 10000 0 0 0 0 0 0 0 0 0
0.300173 0 10000 0 0 0 0 0 0 0 0 0
0.300378 0 10000 0 0 0 0 0 0 0 0 0
0.300582 0 10000 0 0 0 0 0 0 0 0 0
0.300786 0 10000 0 0 0 0 0 0 0 0 0
0.30099 0 10000 0 0 0 0 0 0 0 0 0
0.301194 0 10000 0 0 0 0 0 0 0 0 0
0.301398 0 10000 0 0 0 0 0 0 0 0 0
0.301602 0 10000 0 0 0 0 0 0 0 0 0
0.301806 0 10000 0 0 0 0 0 0 0 0 0
0.30201 0 10000 0 0 0 0 0 0 0 0 0
0.302214 0 10000 0 0 0 0 0 0 0 0 0
0.302418 0 10000 0 0 0 0 0 0 0 0 0
0.302622 0 10000 0 0 0 0 0 0 0 0 0
0.302826 0 10000 0 0 0 0 0 0 0 0 0
0.30303 0 10000 0 0 0 0 0 0 0 0 0
0.303234 0 10000 0 0 0 0 0 0 0 0 0
0.303438 0 10000 0 0 0 0 0 0 0 0 0
0.303642 0 10000 0 0 0 0 0 0 0 0 0
0.303847 0 10000 0 0 0 0 0 0 0 0 0
0.304051 0 10000 0 0 0 0 0 0 0 0 0
0.304255 0 10000 0 0 0 0 0 0 0 0 0
0.304459 0 10000 0 0 0 0 0 0 0 0 0
0.304663 0 10000 0 0 0 0 0 0 0 0 0
0.304867 0 10000 0 0 0 0 0 0 0 0 0
0.305071 0 10000 0 0 0 0 0 0 0 0 0
0.305275 0 10000 0 0 0 0 0 0 0 0 0
0.305479 0 10000 0 0 0 0 0 0 0 0 0
0.305683 0 10000 0 0 0 0 0 0 0 0 0
0.305887 0 10000 0 0 0 0 0 0 0 0 0
0.306091 0 10000 0 0 0 0 0 0 0 0 0
0.306295 0 10000 0 0 0 0 0 0 0 0 0
0.306499 0 10000 0 0 0 0 0 0 0 0 0
0.306703 0 10000 0 0 0 0 0 0 0 0 0
0.306907 0 10000 0 0 0 0 0 0 0 0 0
0.307112 0 10000 0 0 0 0 0 0 0 0 0
0.307316 0 10000 0 0 0 0 0 0 0 0 0
0.30752 0 10000 0 0 0 0 0 0 0 0 0
0.307724 0 10000 0 0 0 0 0 0 0 0 0
0.307928 0 10000 0 0 0 0 0 0 0 0 0
0.308132 0 10000 0 0 0 0 0 0 0 0 0
0.308336 0 10000 0 0 0 0 0 0 0 0 0
0.30854 0 10000 0 0 0 0 0 0 0 0 0
0.308744 0 10000 0 0 0 0 0 0 0 0 0
0.308948 0 10000 0 0 0 0 0 0 0 0 0
0.309152 0 10000 0 0 0 0 0 0 0 0 0
0.309356 0 10000 0 0 0 0 0 0 0 0 0
0.30956 0 10000 0 0 0 0 0 0 0 0 0
0.309764 0 10000 0 0 0 0 0 0 0 0 0
0.309968 0 10000 0 0 0 0 0 0 0 0 0
0.310172 0 10000 0 0 0 0 0 0 0 0 0
0.310376 0 10000 0 0 0 0 0 0 0 0 0
0.310581 0 10000 0 0 0 0 0 0 0 0 0
0.310785 0 10000 0 0 0 0 0 0 0 0 0
0.310989 0 10000 0 0 0 0 0 0 0 0 0
0.311193 0 10000 0 0 0 0 0 0 0 0 0
0.311397 0 10000 0 0 0 0 0 0 0 0 0
0.311601 0 10000 0 0 0 0 0 0 0 0 0
0.311805 0 10000 0 0 0 0 0 0 0 0 0
0.312009 0 10000 0 0 0 0 0 0 0 0 0
0.312213 0 10000 0 0 0 0 0 0 0 0 0
0.312417 0 10000 0 0 0 0 0 0 0 0 0
0.312621 0 10000 0 0 0 0 0 0 0 0 0
0.312825 0 10000 0 0 0 0 0 0 0 0 0
0.313029 0 10000 0 0 0 0 0 0 0 0 0
0.313233 0 10000 0 0 0 0 0 0 0 0 0
0.313437 0 10000 0 0 0 0 0 0 0 0 0
0.313641 0 10000 0 0 0 0 0 0 0 0 0
0.313846 0 10000 0 0 0 0 0 0 0 0 0
0.31405 0 10000 0 0 0 0 0 0 0 0 0
0.314254 0 10000 0 0 0 0 0 0 0 0 0
0.314458 0 10000 0 0 0 0 0 0 0 0 0
0.314662 0 10000 0 0 0 0 0 0 0 0 0
0.314866 0 10000 0 0 0 0 0 0 0 0 0
0.31507 0 10000 0 0 0 0 0 0 0 0 0
0.315274 0 10000 0 0 0 0 0 0 0 0 0
0.315478 0 10000 0 0 0 0 0 0 0 0 0
0.315682 0 10000 0 0 0 0 0 0 0 0 0
0.315886 0 10000 0 0 0 0 0 0 0 0 0
0.31609 0 10000 0 0 0 0 0 0 0 0 0
0.316294 0 10000 0 0 0 0 0 0 0 0 0
0.316498 0 10000 0 0 0 0 0 0 0 0 0
0.316702 0 10000 0 0 0 0 0 0 0 0 0
0.316906 0 10000 0 0 0 0 0 0 0 0 0
0.31711 0 10000 0 0 0 0 0 0 0 0 0
0.317315 0 10000 0 0 0 0 0 0 0 0 0
0.317519 0 10000 0 0 0 0 0 0 0 0 0
0.317723 0 10000 0 0 0 0 0 0 0 0 0
0.317927 0 10000 0 0 0 0 0 0 0 0 0
0.318131 0 10000 0 0 0 0 0 0 0 0 0
0.318335 0 10000 0 0 0 0 0 0 0 0 0
0.318539 0 10000 0 0 0 0 0 0 0 0 0
0.318743 0 10000 0 0 0 0 0 0 0 0 0
0.318947 0 10000 0 0 0 0 0 0 0 0 0
0.319151 0 10000 0 0 0 0 0 0 0 0 0
0.319355 0 10000 0 0 0 0 0 0 0 0 0
0.319559 0 10000 0 0 0 0 0 0 0 0 0
0.319763 0 10000 0 0 0 0 0 0 0 0 0
0.319967 0 10000 0 0 0 0 0 0 0 0 0
0.320171 0 10000 0 0 0 0 0 0 0 0 0
0.320375 0 10000 0 0 0 0 0 0 0 0 0
0.32058 0 10000 0 0 0 0 0 0 0 0 0
0.320784 0 10000 0 0 0 0 0 0 0 0 0
0.320988 0 10000 0 0 0 0 0 0 0 0 0
0.321192 0 10000 0 0 0 0 0 0 0 0 0
0.321396 0 10000 0 0 0 0 0 0 0 0 0
0.3216 0 10000 0 0 0 0 0 0 0 0 0
0.321804 0 10000 0 0 0 0 0 0 0 0 0
0.322008 0 10000 0 0 0 0 0 0 0 0 0
0.322212 0 10000 0 0 0 0 0 0 0 0 0
0.322416 0 10000 0 0 0 0 0 0 0 0 0
0.32262 0 10000 0 0 0 0 0 0 0 0 0
0.322824 0 10000 0 0 0 0 0 0 0 0 0
0.323028 0 10000 0 0 0 0 0 0 0 0 0
0.323232 0 10000 0 0 0 0 0 0 0 0 0
0.323436 0 10000 0 0 0 0 0 0 0 0 0
0.32364 0 10000 0 0 0 0 0 0 0 0 0
0.323845 0 10000 0 0 0 0 0 0 0 0 0
0.324049 0 10000 0 0 0 0 0 0 0 0 0
0.324253 0 10000 0 0 0 0 0 0 0 0 0
0.324457 0 10000 0 0 0 0 0 0 0 0 0
0.324661 0 10000 0 0 0 0 0 0 0 0 0
0.324865 0 10000 0 0 0 0 0 0 0 0 0
0.325069 0 10000 0 0 0 0 0 0 0 0 0
0.325273 0 10000 0 0 0 0 0 0 0 0 0
0.325477 0 10000 0 0 0 0 0 0 0 0 0
0.325681 0 10000 0 0 0 0 0 0 0 0 0
0.325885 0 10000 0 0 0 0 0 0 0 0 0
0.326089 0 10000 0 0 0 0 0 0 0 0 0
0.326293 0 10000 0 0 0 0 0 0 0 0 0
0.326497 0 10000 0 0 0 0 0 0 0 0 0
0.326701 0 10000 0 0 0 0 0 0 0 0 0
0.326905 0 10000 0 0 0 0 0 0 0 0 0
0.327109 0 10000 0 0 0 0 0 0 0 0 0
0.327314 0 10000 0 0 0 0 0 0 0 0 0
0.327518 0 10000 0 0 0 0 0 0 0 0 0
0.327722 0 10000 0 0 0 0 0 0 0 0 0
0.327926 0 10000 0 0 0 0 0 0 0 0 0
0.32813 0 10000 0 0 0 0 0 0 0 0 0
0.328334 0 10000 0 0 0 0 0 0 0 0 0
0.328538 0 10000 0 0 0 0 0 0 0 0 0
0.328742 0 10000 0 0 0 0 0 0 0 0 0
0.328946 0 10000 0 0 0 0 0 0 0 0 0
0.32915 0 10000 0 0 0 0 0 0 0 0 0
0.329354 0 10000 0 0 0 0 0 0 0 0 0
0.329558 0 10000 0 0 0 0 0 0 0 0 0
0.329762 0 10000 0 0 0 0 0 0 0 0 0
0.329966 0 10000 0 0 0 0 0 0 0 0 0
0.33017 0 10000 0 0 0 0 0 0 0 0 0
0.330374 0 10000 0 0 0 0 0 0 0 0 0
0.330579 0 10000 0 0 0 0 0 0 0 0 0
0.330783 0 10000 0 0 0 0 0 0 0 0 0
0.330987 0 10000 0 0 0 0 0 0 0 0 0
0.331191 0 10000 0 0 0 0 0 0 0 0 0
0.331395 0 10000 0 0 0 0 0 0 0 0 0
0.331599 0 10000 0 0 0 0 0 0 0 0 0
0.331803 0 10000 0 0 0 0 0 0 0 0 0
0.332007 0 10000 0 0 0 0 0 0 0 0 0
0.332211 0 10000 0 0 0 0 0 0 0 0 0
0.332415 0 10000 0 0 0 0 0 0 0 0 0
0.332619 0 10000 0 0 0 0 0 0 0 0 0
0.332823 0 10000 0 0 0 0 0 0 0 0 0
0.333027 0 10000 0 0 0 0 0 0 0 0 0
0.333231 0 10000 0 0 0 0 0 0 0 0 0
0.333435 0 10000 0 0 0 0 0 0 0 0 0
0.333639 0 10000 0 0 0 0 0 0 0 0 0
0.333843 0 10000 0 0 0 0 0 0 0 0 0
0.334048 0 10000 0 0 0 0 0 0 0 0 0
0.334252 0 10000 0 0 0 0 0 0 0 0 0
0.334456 0 10000 0 0 0 0 0 0 0 0 0
0.33466 0 10000 0 0 0 0 0 0 0 0 0
0.334864 0 10000 0 0 0 0 0 0 0 0 0
0.335068 0 10000 0 0 0 0 0 0 0 0 0
0.335272 0 10000 0 0 0 0 0 0 0 0 0
0.335476 0 10000 0 0 0 0 0 0 0 0 0
0.33568 0 10000 0 0 0 0 0 0 0 0 0
0.335884 0 10000 0 0 0 0 0 0 0 0 0
0.336088 0 10000 0 0 0 0 0 0 0 0 0
0.336292 0 10000 0 0 0 0 0 0 0 0 0
0.336496 0 10000 0 0 0 0 0 0 0 0 0
0.3367 0 10000 0 0 0 0 0 0 0 0 0
0.336904 0 10000 0 0 0 0 0 0 0 0 0
0.337108 0 10000 0 0 0 0 0 0 0 0 0
0.337313 0 10000 0 0 0 0 0 0 0 0 0
0.337517 0 10000 0 0 0 0 0 0 0 0 0
0.337721 0 10000 0 0 0 0 0 0 0 0 0
0.337925 0 10000 0 0 0 0 0 0 0 0 0
0.338129 0 10000 0 0 0 0 0 0 0 0 0
0.338333 0 10000 0 0 0 0 0 0 0 0 0
0.338537 0 10000 0 0 0 0 0 0 0 0 0
0.338741 0 10000 0 0 0 0 0 0 0 0 0
0.338945 0 10000 0 0 0 0 0 0 0 0 0
0.339149 0 10000 0 0 0 0 0 0 0 0 0
0.339353 0 10000 0 0 0 0 0 0 0 0 0
0.339557 0 10000 0 0 0 0 0 0 0 0 0
0.339761 0 10000 0 0 0 0 0 0 0 0 0
0.339965 0 10000 0 0 0 0 0 0 0 0 0
0.340169 0 10000 0 0 0 0 0 0 0 0 0
0.340373 0 10000 0 0 0 0 0 0 0 0 0
0.340577 0 10000 0 0 0 0 0 0 0 0 0
0.340782 0 10000 0 0 0 0 0 0 0 0 0
0.340986 0 10000 0 0 0 0 0 0 0 0 0
0.34119 0 10000 0 0 0 0 0 0 0 0 0
0.341394 0 10000 0 0 0 0 0 0 0 0 0
0.341598 0 10000 0 0 0 0 0 0 0 0 0
0.341802 0 10000 0 0 0 0 0 0 0 0 0
0.342006 0 10000 0 0 0 0 0 0 0 0 0
0.34221 0 10000 0 0 0 0 0 0 0 0 0
0.342414 0 10000 0 0 0 0 0 0 0 0 0
0.342618 0 10000 0 0 0 0 0 0 0 0 0
0.342822 0 10000 0 0 0 0 0 0 0 0 0
0.343026 0 10000 0 0 0 0 0 0 0 0 0
0.34323 0 10000 0 0 0 0 0 0 0 0 0
0.343434 0 10000 0 0 0 0 0 0 0 0 0
0.343638 0 10000 0 0 0 0 0 0 0 0 0
0.343842 0 10000 0 0 0 0 0 0 0 0 0
0.344047 0 10000 0 0 0 0 0 0 0 0 0
0.344251 0 10000 0 0 0 0 0 0 0 0 0
0.344455 0 10000 0 0 0 0 0 0 0 0 0
0.344659 0 10000 0 0 0 0 0 0 0 0 0
0.344863 0 10000 0 0 0 0 0 0 0 0 0
0.345067 0 10000 0 0 0 0 0 0 0 0 0
0.345271 0 10000 0 0 0 0 0 0 0 0 0
0.345475 0 10000 0 0 0 0 0 0 0 0 0
0.345679 0 10000 0 0 0 0 0 0 0 0 0
0.345883 0 10000 0 0 0 0 0 0 0 0 0
0.346087 0 10000 0 0 0 0 0 0 0 0 0
0.346291 0 10000 0 0 0 0 0 0 0 0 0
0.346495 0 10000 0 0 0 0 0 0 0 0 0
0.346699 0 10000 0 0 0 0 0 0 0 0 0
0.346903 0 10000 0 0 0 0 0 0 0 0 0
0.347107 0 10000 0 0 0 0 0 0 0 0 0
0.347311 0 10000 0 0 0 0 0 0 0 0 0
0.347516 0 10000 0 0 0 0 0 0 0 0 0
0.34772 0 10000 0 0 0 0 0 0 0 0 0
0.347924 0 10000 0 0 0 0 0 0 0 0 0
0.348128 0 10000 0 0 0 0 0 0 0 0 0
0.348332 0 10000 0 0 0 0 0 0 0 0 0
0.348536 0 10000 0 0 0 0 0 0 0 0 0
0.34874 0 10000 0 0 0 0 0 0 0 0 0
0.348944 0 10000 0 0 0 0 0 0 0 0 0
0.349148 0 10000 0 0 0 0 0 0 0 0 0
0.349352 0 10000 0 0 0 0 0 0 0 0 0
0.349556 0 10000 0 0 0 0 0 0 0 0 0
0.34976 0 10000 0 0 0 0 0 0 0 0 0
0.349964 0 10000 0 0 0 0 0 0 0 0 0
0.350168 0 10000 0 0 0 0 0 0 0 0 0
0.350372 0 10000 0 0 0 0 0 0 0 0 0
0.350576 0 10000 0 0 0 0 0 0 0 0 0
0.350781 0 10000 0 0 0 0 0 0 0 0 0
0.350985 0 10000 0 0 0 0 0 0 0 0 0
0.351189 0 10000 0 0 0 0 0 0 0 0 0
0.351393 0 10000 0 0 0 0 0 0 0 0 0
0.351597 0 10000 0 0 0 0 0 0 0 0 0
0.351801 0 10000 0 0 0 0 0 0 0 0 0
0.352005 0 10000 0 0 0 0 0 0 0 0 0
0.352209 0 10000 0 0 0 0 0 0 0 0 0
0.352413 0 10000 0 0 0 0 0 0 0 0 0
0.352617 0 10000 0 0 0 0 0 0 0 0 0
0.352821 0 10000 0 0 0 0 0 0 0 0 0
0.353025 0 10000 0 0 0 0 0 0 0 0 0
0.353229 0 10000 0 0 0 0 0 0 0 0 0
0.353433 0 10000 0 0 0 0 0 0 0 0 0
0.353637 0 10000 0 0 0 0 0 0 0 0 0
0.353841 0 10000 0 0 0 0 0 0 0 0 0
0.354046 0 10000 0 0 0 0 0 0 0 0 0
0.35425 0 10000 0 0 0 0 0 0 0 0 0
0.354454 0 10000 0 0 0 0 0 0 0 0 0
0.354658 0 10000 0 0 0 0 0 0 0 0 0
0.354862 0 10000 0 0 0 0 0 0 0 0 0
0.355066 0 10000 0 0 0 0 0 0 0 0 0
0.35527 0 10000 0 0 0 0 0 0 0 0 0
0.355474 0 10000 0 0 0 0 0 0 0 0 0
0.355678 0 10000 0 0 0 0 0 0 0 0 0
0.355882 0 10000 0 0 0 0 0 0 0 0 0
0.356086 0 10000 0 0 0 0 0 0 0 0 0
0.35629 0 10000 0 0 0 0 0 0 0 0 0
0.356494 0 10000 0 0 0 0 0 0 0 0 0
0.356698 0 10000 0 0 0 0 0 0 0 0 0
0.356902 0 10000 0 0 0 0 0 0 0 0 0
0.357106 0 10000 0 0 0 0 0 0 0 0 0
0.35731 0 10000 0 0 0 0 0 0 0 0 0
0.357515 0 10000 0 0 0 0 0 0 0 0 0
0.357719 0 10000 0 0 0 0 0 0 0 0 0
0.357923 0 10000 0 0 0 0 0 0 0 0 0
0.358127 0 10000 0 0 0 0 0 0 0 0 0
0.358331 0 10000 0 0 0 0 0 0 0 0 0
0.358535 0 10000 0 0 0 0 0 0 0 0 0
0.358739 0 10000 0 0 0 0 0 0 0 0 0
0.358943 0 10000 0 0 0 0 0 0 0 0 0
0.359147 0 10000 0 0 0 0 0 0 0 0 0
0.359351 0 10000 0 0 0 0 0 0 0 0 0
0.359555 0 10000 0 0 0 0 0 0 0 0 0
0.359759 0 10000 0 0 0 0 0 0 0 0 0
0.359963 0 10000 0 0 0 0 0 0 0 0 0
0.360167 0 10000 0 0 0 0 0 0 0 0 0
0.360371 0 10000 0 0 0 0 0 0 0 0 0
0.360575 0 10000 0 0 0 0 0 0 0 0 0
0.36078 0 10000 0 0 0 0 0 0 0 0 0
0.360984 0 10000 0 0 0 0 0 0 0 0 0
0.361188 0 10000 0 0 0 0 0 0 0 0 0
0.361392 0 10000 0 0 0 0 0 0 0 0 0
0.361596 0 10000 0 0 0 0 0 0 0 0 0
0.3618 0 10000 0 0 0 0 0 0 0 0 0
0.362004 0 10000 0 0 0 0 0 0 0 0 0
0.362208 0 10000 0 0 0 0 0 0 0 0 0
0.362412 0 10000 0 0 0 0 0 0 0 0 0
0.362616 0 10000 0 0 0 0 0 0 0 0 0
0.36282 0 10000 0 0 0 0 0 0 0 0 0
0.363024 0 10000 0 0 0 0 0 0 0 0 0
0.363228 0 10000 0 0 0 0 0 0 0 0 0
0.363432 0 10000 0 0 0 0 0 0 0 0 0
0.363636 0 10000 0 0 0 0 0 0 0 0 0
0.36384 0 10000 0 0 0 0 0 0 0 0 0
0.364044 0 10000 0 0 0 0 0 0 0 0 0
0.364249 0 10000 0 0 0 0 0 0 0 0 0
0.364453 0 10000 0 0 0 0 0 0 0 0 0
0.364657 0 10000 0 0 0 0 0 0 0 0 0
0.364861 0 10000 0 0 0 0 0 0 0 0 0
0.365065 0 10000 0 0 0 0 0 0 0 0 0
0.365269 0 10000 0 0 0 0 0 0 0 0 0
0.365473 0 10000 0 0 0 0 0 0 0 0 0
0.365677 0 10000 0 0 0 0 0 0 0 0 0
0.365881 0 10000 0 0 0 0 0 0 0 0 0
0.366085 0 10000 0 0 0 0 0 0 0 0 0
0.366289 0 10000 0 0 0 0 0 0 0 0 0
0.366493 0 10000 0 0 0 0 0 0 0 0 0
0.366697 0 10000 0 0 0 0 0 0 0 0 0
0.366901 0 10000 0 0 0 0 0 0 0 0 0
0.367105 0 10000 0 0 0 0 0 0 0 0 0
0.367309 0 10000 0 0 0 0 0 0 0 0 0
0.367514 0 10000 0 0 0 0 0 0 0 0 0
0.367718 0 10000 0 0 0 0 0 0 0 0 0
0.367922 0 10000 0 0 0 0 0 0 0 0 0
0.368126 0 10000 0 0 0 0 0 0 0 0 0
0.36833 0 10000 0 0 0 0 0 0 0 0 0
0.368534 0 10000 0 0 0 0 0 0 0 0 0
0.368738 0 10000 0 0 0 0 0 0 0 0 0
0.368942 0 10000 0 0 0 0 0 0 0 0 0
0.369146 0 10000 0 0 0 0 0 0 0 0 0
0.36935 0 10000 0 0 0 0 0 0 0 0 0
0.369554 0 10000 0 0 0 0 0 0 0 0 0
0.369758 0 10000 0 0 0 0 0 0 0 0 0
0.369962 0 10000 0 0 0 0 0 0 0 0 0
0.370166 0 10000 0 0 0 0 0 0 0 0 0
0.37037 0 10000 0 0 0 0 0 0 0 0 0
0.370574 0 10000 0 0 0 0 0 0 0 0 0
0.370778 0 10000 0 0 0 0 0 0 0 0 0
0.370983 0 10000 0 0 0 0 0 0 0 0 0
0.371187 0 10000 0 0 0 0 0 0 0 0 0
0.371391 0 10000 0 0 0 0 0 0 0 0 0
0.371595 0 10000 0 0 0 0 0 0 0 0 0
0.371799 0 10000 0 0 0 0 0 0 0 0 0
0.372003 0 10000 0 0 0 0 0 0 0 0 0
0.372207 0 10000 0 0 0 0 0 0 0 0 0
0.372411 0 10000 0 0 0 0 0 0 0 0 0
0.372615 0 10000 0 0 0 0 0 0 0 0 0
0.372819 0 10000 0 0 0 0 0 0 0 0 0
0.373023 0 10000 0 0 0 0 0 0 0 0 0
0.373227 0 10000 0 0 0 0 0 0 0 0 0
0.373431 0 10000 0 0 0 0 0 0 0 0 0
0.373635 0 10000 0 0 0 0 0 0 0 0 0
0.373839 0 10000 0 0 0 0 0 0 0 0 0
0.374043 0 10000 0 0 0 0 0 0 0 0 0
0.374248 0 10000 0 0 0 0 0 0 0 0 0
0.374452 0 10000 0 0 0 0 0 0 0 0 0
0.374656 0 10000 0 0 0 0 0 0 0 0 0
0.37486 0 10000 0 0 0 0 0 0 0 0 0
0.375064 0 10000 0 0 0 0 0 0 0 0 0
0.375268 0 10000 0 0 0 0 0 0 0 0 0
0.375472 0 10000 0 0 0 0 0 0 0 0 0
0.375676 0 10000 0 0 0 0 0 0 0 0 0
0.37588 0 10000 0 0 0 0 0 0 0 0 0
0.376084 0 10000 0 0 0 0 0 0 0 0 0
0.376288 0 10000 0 0 0 0 0 0 0 0 0
0.376492 0 10000 0 0 0 0 0 0 0 0 0
0.376696 0 10000 0 0 0 0 0 0 0 0 0
0.3769 0 10000 0 0 0 0 0 0 0 0 0
0.377104 0 10000 0 0 0 0 0 0 0 0 0
0.377308 0 10000 0 0 0 0 0 0 0 0 0
0.377512 0 10000 0 0 0 0 0 0 0 0 0
0.377717 0 10000 0 0 0 0 0 0 0 0 0
0.377921 0 10000 0 0 0 0 0 0 0 0 0
0.378125 0 10000 0 0 0 0 0 0 0 0 0
0.378329 0 10000 0 0 0 0 0 0 0 0 0
0.378533 0 10000 0 0 0 0 0 0 0 0 0
0.378737 0 10000 0 0 0 0 0 0 0 0 0
0.378941 0 10000 0 0 0 0 0 0 0 0 0
0.379145 0 10000 0 0 0 0 0 0 0 0 0
0.379349 0 10000 0 0 0 0 0 0 0 0 0
0.379553 0 10000 0 0 0 0 0 0 0 0 0
0.379757 0 10000 0 0 0 0 0 0 0 0 0
0.379961 0 10000 0 0 0 0 0 0 0 0 0
0.380165 0 10000 0 0 0 0 0 0 0 0 0
0.380369 0 10000 0 0 0 0 0 0 0 0 0
0.380573 0 10000 0 0 0 0 0 0 0 0 0
0.380777 0 10000 0 0 0 0 0 0 0 0 0
0.380982 0 10000 0 0 0 0 0 0 0 0 0
0.381186 0 10000 0 0 0 0 0 0 0 0 0
0.38139 0 10000 0 0 0 0 0 0 0 0 0
0.381594 0 10000 0 0 0 0 0 0 0 0 0
0.381798 0 10000 0 0 0 0 0 0 0 0 0
0.382002 0 10000 0 0 0 0 0 0 0 0 0
0.382206 0 10000 0 0 0 0 0 0 0 0 0
0.38241 0 10000 0 0 0 0 0 0 0 0 0
0.382614 0 10000 0 0 0 0 0 0 0 0 0
0.382818 0 10000 0 0 0 0 0 0 0 0 0
0.383022 0 10000 0 0 0 0 0 0 0 0 0
0.383226 0 10000 0 0 0 0 0 0 0 0 0
0.38343 0 10000 0 0 0 0 0 0 0 0 0
0.383634 0 10000 0 0 0 0 0 0 0 0 0
0.383838 0 10000 0 0 0 0 0 0 0 0 0
0.384042 0 10000 0 0 0 0 0 0 0 0 0
0.384247 0 10000 0 0 0 0 0 0 0 0 0
0.384451 0 10000 0 0 0 0 0 0 0 0 0
0.384655 0 10000 0 0 0 0 0 0 0 0 0
0.384859 0 10000 0 0 0 0 0 0 0 0 0
0.385063 0 10000 0 0 0 0 0 0 0 0 0
0.385267 0 10000 0 0 0 0 0 0 0 0 0
0.385471 0 10000 0 0 0 0 0 0 0 0 0
0.385675 0 10000 0 0 0 0 0 0 0 0 0
0.385879 0 10000 0 0 0 0 0 0 0 0 0
0.386083 0 10000 0 0 0 0 0 0 0 0 0
0.386287 0 10000 0 0 0 0 0 0 0 0 0
0.386491 0 10000 0 0 0 0 0 0 0 0 0
0.386695 0 10000 0 0 0 0 0 0 0 0 0
0.386899 0 10000 0 0 0 0 0 0 0 0 0
0.387103 0 10000 0 0 0 0 0 0 0 0 0
0.387307 0 10000 0 0 0 0 0 0 0 0 0
0.387511 0 10000 0 0 0 0 0 0 0 0 0
0.387716 0 10000 0 0 0 0 0 0 0 0 0
0.38792 0 10000 0 0 0 0 0 0 0 0 0
0.388124 0 10000 0 0 0 0 0 0 0 0 0
0.388328 0 10000 0 0 0 0 0 0 0 0 0
0.388532 0 10000 0 0 0 0 0 0 0 0 0
0.388736 0 10000 0 0 0 0 0 0 0 0 0
0.38894 0 10000 0 0 0 0 0 0 0 0 0
0.389144 0 10000 0 0 0 0 0 0 0 0 0
0.389348 0 10000 0 0 0 0 0 0 0 0 0
0.389552 0 10000 0 0 0 0 0 0 0 0 0
0.389756 0 10000 0 0 0 0 0 0 0 0 0
0.38996 0 10000 0 0 0 0 0 0 0 0 0
0.390164 0 10000 0 0 0 0 0 0 0 0 0
0.390368 0 10000 0 0 0 0 0 0 0 0 0
0.390572 0 10000 0 0 0 0 0 0 0 0 0
0.390776 0 10000 0 0 0 0 0 0 0 0 0
0.390981 0 10000 0 0 0 0 0 0 0 0 0
0.391185 0 10000 0 0 0 0 0 0 0 0 0
0.391389 0 10000 0 0 0 0 0 0 0 0 0
0.391593 0 10000 0 0 0 0 0 0 0 0 0
0.391797 0 10000 0 0 0 0 0 0 0 0 0
0.392001 0 10000 0 0 0 0 0 0 0 0 0
0.392205 0 10000 0 0 0 0 0 0 0 0 0
0.392409 0 10000 0 0 0 0 0 0 0 0 0
0.392613 0 10000 0 0 0 0 0 0 0 0 0
0.392817 0 10000 0 0 0 0 0 0 0 0 0
0.393021 0 10000 0 0 0 0 0 0 0 0 0
0.393225 0 10000 0 0 0 0 0 0 0 0 0
0.393429 0 10000 0 0 0 0 0 0 0 0 0
0.393633 0 10000 0 0 0 0 0 0 0 0 0
0.393837 0 10000 0 0 0 0 0 0 0 0 0
0.394041 0 10000 0 0 0 0 0 0 0 0 0
0.394245 0 10000 0 0 0 0 0 0 0 0 0
0.39445 0 10000 0 0 0 0 0 0 0 0 0
0.394654 0 10000 0 0 0 0 0 0 0 0 0
0.394858 0 10000 0 0 0 0 0 0 0 0 0
0.395062 0 10000 0 0 0 0 0 0 0 0 0
0.395266 0 10000 0 0 0 0 0 0 0 0 0
0.39547 0 10000 0 0 0 0 0 0 0 0 0
0.395674 0 10000 0 0 0 0 0 0 0 0 0
0.395878 0 10000 0 0 0 0 0 0 0 0 0
0.396082 0 10000 0 0 0 0 0 0 0 0 0
0.396286 0 10000 0 0 0 0 0 0 0 0 0
0.39649 0 10000 0 0 0 0 0 0 0 0 0
0.396694 0 10000 0 0 0 0 0 0 0 0 0
0.396898 0 10000 0 0 0 0 0 0 0 0 0
0.397102 0 10000 0 0 0 0 0 0 0 0 0
0.397306 0 10000 0 0 0 0 0 0 0 0 0
0.39751 0 10000 0 0 0 0 0 0 0 0 0
0.397715 0 10000 0 0 0 0 0 0 0 0 0
0.397919 0 10000 0 0 0 0 0 0 0 0 0
0.398123 0 10000 0 0 0 0 0 0 0 0 0
0.398327 0 10000 0 0 0 0 0 0 0 0 0
0.398531 0 10000 0 0 0 0 0 0 0 0 0
0.398735 0 10000 0 0 0 0 0 0 0 0 0
0.398939 0 10000 0 0 0 0 0 0 0 0 0
0.399143 0 10000 0 0 0 0 0 0 0 0 0
0.399347 0 10000 0 0 0 0 0 0 0 0 0
0.399551 0 10000 0 0 0 0 0 0 0 0 0
0.399755 0 10000 0 0 0 0 0 0 0 0 0
0.399959 0 10000 0 0 0 0 0 0 0 0 0
0.400163 0 10000 0 0 0 0 0 0 0 0 0
0.400367 0 10000 0 0 0 0 0 0 0 0 0
0.400571 0 10000 0 0 0 0 0 0 0 0 0
0.400775 0 10000 0 0 0 0 0 0 0 0 0
0.400979 0 10000 0 0 0 0 0 0 0 0 0
0.401184 0 10000 0 0 0 0 0 0 0 0 0
0.401388 0 10000 0 0 0 0 0 0 0 0 0
0.401592 0 10000 0 0 0 0 0 0 0 0 0
0.401796 0 10000 0 0 0 0 0 0 0 0 0
0.402 0 10000 0 0 0 0 0 0 0 0 0
0.402204 0 10000 0 0 0 0 0 0 0 0 0
0.402408 0 10000 0 0 0 0 0 0 0 0 0
0.402612 0 10000 0 0 0 0 0 0 0 0 0
0.402816 0 10000 0 0 0 0 0 0 0 0 0
0.40302 0 10000 0 0 0 0 0 0 0 0 0
0.403224 0 10000 0 0 0 0 0 0 0 0 0
0.403428 0 10000 0 0 0 0 0 0 0 0 0
0.403632 0 10000 0 0 0 0 0 0 0 0 0
0.403836 0 10000 0 0 0 0 0 0 0 0 0
0.40404 0 10000 0 0 0 0 0 0 0 0 0
0.404244 0 10000 0 0 0 0 0 0 0 0 0
0.404449 0 10000 0 0 0 0 0 0 0 0 0
0.404653 0 10000 0 0 0 0 0 0 0 0 0
0.404857 0 10000 0 0 0 0 0 0 0 0 0
0.405061 0 10000 0 0 0 0 0 0 0 0 0
0.405265 0 10000 0 0 0 0 0 0 0 0 0
0.405469 0 10000 0 0 0 0 0 0 0 0 0
0.405673 0 10000 0 0 0 0 0 0 0 0 0
0.405877 0 10000 0 0 0 0 0 0 0 0 0
0.406081 0 10000 0 0 0 0 0 0 0 0 0
0.406285 0 10000 0 0 0 0 0 0 0 0 0
0.406489 0 10000 0 0 0 0 0 0 0 0 0
0.406693 0 10000 0 0 0 0 0 0 0 0 0
0.406897 0 10000 0 0 0 0 0 0 0 0 0
0.407101 0 10000 0 0 0 0 0 0 0 0 0
0.407305 0 10000 0 0 0 0 0 0 0 0 0
0.407509 0 10000 0 0 0 0 0 0 0 0 0
0.407713 0 10000 0 0 0 0 0 0 0 0 0
0.407918 0 10000 0 0 0 0 0 0 0 0 0
0.408122 0 10000 0 0 0 0 0 0 0 0 0
0.408326 0 10000 0 0 0 0 0 0 0 0 0
0.40853 0 10000 0 0 0 0 0 0 0 0 0
0.408734 0 10000 0 0 0 0 0 0 0 0 0
0.408938 0 10000 0 0 0 0 0 0 0 0 0
0.409142 0 10000 0 0 0 0 0 0 0 0 0
0.409346 0 10000 0 0 0 0 0 0 0 0 0
0.40955 0 10000 0 0 0 0 0 0 0 0 0
0.409754 0 10000 0 0 0 0 0 0 0 0 0
0.409958 0 10000 0 0 0 0 0 0 0 0 0
0.410162 0 10000 0 0 0 0 0 0 0 0 0
0.410366 0 10000 0 0 0 0 0 0 0 0 0
0.41057 0 10000 0 0 0 0 0 0 0 0 0
0.410774 0 10000 0 0 0 0 0 0 0 0 0
0.410978 0 10000 0 0 0 0 0 0 0 0 0
0.411183 0 10000 0 0 0 0 0 0 0 0 0
0.411387 0 10000 0 0 0 0 0 0 0 0 0
0.411591 0 10000 0 0 0 0 0 0 0 0 0
0.411795 0 10000 0 0 0 0 0 0 0 0 0
0.411999 0 10000 0 0 0 0 0 0 0 0 0
0.412203 0 10000 0 0 0 0 0 0 0 0 0
0.412407 0 10000 0 0 0 0 0 0 0 0 0
0.412611 0 10000 0 0 0 0 0 0 0 0 0
0.412815 0 10000 0 0 0 0 0 0 0 0 0
0.413019 0 10000 0 0 0 0 0 0 0 0 0
0.413223 0 10000 0 0 0 0 0 0 0 0 0
0.413427 0 10000 0 0 0 0 0 0 0 0 0
0.413631 0 10000 0 0 0 0 0 0 0 0 0
0.413835 0 10000 0 0 0 0 0 0 0 0 0
0.414039 0 10000 0 0 0 0 0 0 0 0 0
0.414243 0 10000 0 0 0 0 0 0 0 0 0
0.414448 0 10000 0 0 0 0 0 0 0 0 0
0.414652 0 10000 0 0 0 0 0 0 0 0 0
0.414856 0 10000 0 0 0 0 0 0 0 0 0
0.41506 0 10000 0 0 0 0 0 0 0 0 0
0.415264 0 10000 0 0 0 0 0 0 0 0 0
0.415468 0 10000 0 0 0 0 0 0 0 0 0
0.415672 0 10000 0 0 0 0 0 0 0 0 0
0.415876 0 10000 0 0 0 0 0 0 0 0 0
0.41608 0 10000 0 0 0 0 0 0 0 0 0
0.416284 0 10000 0 0 0 0 0 0 0 0 0
0.416488 0 10000 0 0 0 0 0 0 0 0 0
0.416692 0 10000 0 0 0 0 0 0 0 0 0
0.416896 0 10000 0 0 0 0 0 0 0 0 0
0.4171 0 10000 0 0 0 0 0 0 0 0 0
0.417304 0 10000 0 0 0 0 0 0 0 0 0
0.417508 0 10000 0 0 0 0 0 0 0 0 0
0.417712 0 10000 0 0 0 0 0 0 0 0 0
0.417917 0 10000 0 0 0 0 0 0 0 0 0
0.418121 0 10000 0 0 0 0 0 0 0 0 0
0.418325 0 10000 0 0 0 0 0 0 0 0 0
0.418529 0 10000 0 0 0 0 0 0 0 0 0
0.418733 0 10000 0 0 0 0 0 0 0 0 0
0.418937 0 10000 0 0 0 0 0 0 0 0 0
0.419141 0 10000 0 0 0 0 0 0 0 0 0
0.419345 0 10000 0 0 0 0 0 0 0 0 0
0.419549 0 10000 0 0 0 0 0 0 0 0 0
0.419753 0 10000 0 0 0 0 0 0 0 0 0
0.419957 0 10000 0 0 0 0 0 0 0 0 0
0.420161 0 10000 0 0 0 0 0 0 0 0 0
0.420365 0 10000 0 0 0 0 0 0 0 0 0
0.420569 0 10000 0 0 0 0 0 0 0 0 0
0.420773 0 10000 0 0 0 0 0 0 0 0 0
0.420977 0 10000 0 0 0 0 0 0 0 0 0
0.421182 0 10000 0 0 0 0 0 0 0 0 0
0.421386 0 10000 0 0 0 0 0 0 0 0 0
0.42159 0 10000 0 0 0 0 0 0 0 0 0
0.421794 0 10000 0 0 0 0 0 0 0 0 0
0.421998 0 10000 0 0 0 0 0 0 0 0 0
0.422202 0 10000 0 0 0 0 0 0 0 0 0
0.422406 0 10000 0 0 0 0 0 0 0 0 0
0.42261 0 10000 0 0 0 0 0 0 0 0 0
0.422814 0 10000 0 0 0 0 0 0 0 0 0
0.423018 0 10000 0 0 0 0 0 0 0 0 0
0.423222 0 10000 0 0 0 0 0 0 0 0 0
0.423426 0 10000 0 0 0 0 0 0 0 0 0
0.42363 0 10000 0 0 0 0 0 0 0 0 0
0.423834 0 10000 0 0 0 0 0 0 0 0 0
0.424038 0 10000 0 0 0 0 0 0 0 0 0
0.424242 0 10000 0 0 0 0 0 0 0 0 0
0.424446 0 10000 0 0 0 0 0 0 0 0 0
0.424651 0 10000 0 0 0 0 0 0 0 0 0
0.424855 0 10000 0 0 0 0 0 0 0 0 0
0.425059 0 10000 0 0 0 0 0 0 0 0 0
0.425263 0 10000 0 0 0 0 0 0 0 0 0
0.425467 0 10000 0 0 0 0 0 0 0 0 0
0.425671 0 10000 0 0 0 0 0 0 0 0 0
0.425875 0 10000 0 0 0 0 0 0 0 0 0
0.426079 0 10000 0 0 0 0 0 0 0 0 0
0.426283 0 10000 0 0 0 0 0 0 0 0 0
0.426487 0 10000 0 0 0 0 0 0 0 0 0
0.426691 0 10000 0 0 0 0 0 0 0 0 0
0.426895 0 10000 0 0 0 0 0 0 0 0 0
0.427099 0 10000 0 0 0 0 0 0 0 0 0
0.427303 0 10000 0 0 0 0 0 0 0 0 0
0.427507 0 10000 0 0 0 0 0 0 0 0 0
0.427711 0 10000 0 0 0 0 0 0 0 0 0
0.427916 0 10000 0 0 0 0 0 0 0 0 0
0.42812 0 10000 0 0 0 0 0 0 0 0 0
0.428324 0 10000 0 0 0 0 0 0 0 0 0
0.428528 0 10000 0 0 0 0 0 0 0 0 0
0.428732 0 10000 0 0 0 0 0 0 0 0 0
0.428936 0 10000 0 0 0 0 0 0 0 0 0
0.42914 0 10000 0 0 0 0 0 0 0 0 0
0.429344 0 10000 0 0 0 0 0 0 0 0 0
0.429548 0 10000 0 0 0 0 0 0 0 0 0
0.429752 0 10000 0 0 0 0 0 0 0 0 0
0.429956 0 10000 0 0 0 0 0 0 0 0 0
0.43016 0 10000 0 0 0 0 0 0 0 0 0
0.430364 0 10000 0 0 0 0 0 0 0 0 0
0.430568 0 10000 0 0 0 0 0 0 0 0 0
0.430772 0 10000 0 0 0 0 0 0 0 0 0
0.430976 0 10000 0 0 0 0 0 0 0 0 0
0.43118 0 10000 0 0 0 0 0 0 0 0 0
0.431385 0 10000 0 0 0 0 0 0 0 0 0
0.431589 0 10000 0 0 0 0 0 0 0 0 0
0.431793 0 10000 0 0 0 0 0 0 0 0 0
0.431997 0 10000 0 0 0 0 0 0 0 0 0
0.432201 0 10000 0 0 0 0 0 0 0 0 0
0.432405 0 10000 0 0 0 0 0 0 0 0 0
0.432609 0 10000 0 0 0 0 0 0 0 0 0
0.432813 0 10000 0 0 0 0 0 0 0 0 0
0.433017 0 10000 0 0 0 0 0 0 0 0 0
0.433221 0 10000 0 0 0 0 0 0 0 0 0
0.433425 0 10000 0 0 0 0 0 0 0 0 0
0.433629 0 10000 0 0 0 0 0 0 0 0 0
0.433833 0 10000 0 0 0 0 0 0 0 0 0
0.434037 0 10000 0 0 0 0 0 0 0 0 0
0.434241 0 10000 0 0 0 0 0 0 0 0 0
0.434445 0 10000 0 0 0 0 0 0 0 0 0
0.43465 0 10000 0 0 0 0 0 0 0 0 0
0.434854 0 10000 0 0 0 0 0 0 0 0 0
0.435058 0 10000 0 0 0 0 0 0 0 0 0
0.435262 0 10000 0 0 0 0 0 0 0 0 0
0.435466 0 10000 0 0 0 0 0 0 0 0 0
0.43567 0 10000 0 0 0 0 0 0 0 0 0
0.435874 0 10000 0 0 0 0 0 0 0 0 0
0.436078 0 10000 0 0 0 0 0 0 0 0 0
0.436282 0 10000 0 0 0 0 0 0 0 0 0
0.436486 0 10000 0 0 0 0 0 0 0 0 0
0.43669 0 10000 0 0 0 0 0 0 0 0 0
0.436894 0 10000 0 0 0 0 0 0 0 0 0
0.437098 0 10000 0 0 0 0 0 0 0 0 0
0.437302 0 10000 0 0 0 0 0 0 0 0 0
0.437506 0 10000 0 0 0 0 0 0 0 0 0
0.43771 0 10000 0 0 0 0 0 0 0 0 0
0.437914 0 10000 0 0 0 0 0 0 0 0 0
0.438119 0 10000 0 0 0 0 0 0 0 0 0
0.438323 0 10000 0 0 0 0 0 0 0 0 0
0.438527 0 10000 0 0 0 0 0 0 0 0 0
0.438731 0 10000 0 0 0 0 0 0 0 0 0
0.438935 0 10000 0 0 0 0 0 0 0 0 0
0.439139 0 10000 0 0 0 0 0 0 0 0 0
0.439343 0 10000 0 0 0 0 0 0 0 0 0
0.439547 0 10000 0 0 0 0 0 0 0 0 0
0.439751 0 10000 0 0 0 0 0 0 0 0 0
0.439955 0 10000 0 0 0 0 0 0 0 0 0
0.440159 0 10000 0 0 0 0 0 0 0 0 0
0.440363 0 10000 0 0 0 0 0 0 0 0 0
0.440567 0 10000 0 0 0 0 0 0 0 0 0
0.440771 0 10000 0 0 0 0 0 0 0 0 0
0.440975 0 10000 0 0 0 0 0 0 0 0 0
0.441179 0 10000 0 0 0 0 0 0 0 0 0
0.441384 0 10000 0 0 0 0 0 0 0 0 0
0.441588 0 10000 0 0 0 0 0 0 0 0 0
0.441792 0 10000 0 0 0 0 0 0 0 0 0
0.441996 0 10000 0 0 0 0 0 0 0 0 0
0.4422 0 10000 0 0 0 0 0 0 0 0 0
0.442404 0 10000 0 0 0 0 0 0 0 0 0
0.442608 0 10000 0 0 0 0 0 0 0 0 0
0.442812 0 10000 0 0 0 0 0 0 0 0 0
0.443016 0 10000 0 0 0 0 0 0 0 0 0
0.44322 0 10000 0 0 0 0 0 0 0 0 0
0.443424 0 10000 0 0 0 0 0 0 0 0 0
0.443628 0 10000 0 0 0 0 0 0 0 0 0
0.443832 0 10000 0 0 0 0 0 0 0 0 0
0.444036 0 10000 0 0 0 0 0 0 0 0 0
0.44424 0 10000 0 0 0 0 0 0 0 0 0
0.444444 0 10000 0 0 0 0 0 0 0 0 0
0.444649 0 10000 0 0 0 0 0 0 0 0 0
0.444853 0 10000 0 0 0 0 0 0 0 0 0
0.445057 0 10000 0 0 0 0 0 0 0 0 0
0.445261 0 10000 0 0 0 0 0 0 0 0 0
0.445465 0 10000 0 0 0 0 0 0 0 0 0
0.445669 0 10000 0 0 0 0 0 0 0 0 0
0.445873 0 10000 0 0 0 0 0 0 0 0 0
0.446077 0 10000 0 0 0 0 0 0 0 0 0
0.446281 0 10000 0 0 0 0 0 0 0 0 0
0.446485 0 10000 0 0 0 0 0 0 0 0 0
0.446689 0 10000 0 0 0 0 0 0 0 0 0
0.446893 0 10000 0 0 0 0 0 0 0 0 0
0.447097 0 10000 0 0 0 0 0 0 0 0 0
0.447301 0 10000 0 0 0 0 0 0 0 0 0
0.447505 0 10000 0 0 0 0 0 0 0 0 0
0.447709 0 10000 0 0 0 0 0 0 0 0 0
0.447913 0 10000 0 0 0 0 0 0 0 0 0
0.448118 0 10000 0 0 0 0 0 0 0 0 0
0.448322 0 10000 0 0 0 0 0 0 0 0 0
0.448526 0 10000 0 0 0 0 0 0 0 0 0
0.44873 0 10000 0 0 0 0 0 0 0 0 0
0.448934 0 10000 0 0 0 0 0 0 0 0 0
0.449138 0 10000 0 0 0 0 0 0 0 0 0
0.449342 0 10000 0 0 0 0 0 0 0 0 0
0.449546 0 10000 0 0 0 0 0 0 0 0 0
0.44975 0 10000 0 0 0 0 0 0 0 0 0
0.449954 0 10000 0 0 0 0 0 0 0 0 0
0.450158 0 10000 0 0 0 0 0 0 0 0 0
0.450362 0 10000 0 0 0 0 0 0 0 0 0
0.450566 0 10000 0 0 0 0 0 0 0 0 0
0.45077 0 10000 0 0 0 0 0 0 0 0 0
0.450974 0 10000 0 0 0 0 0 0 0 0 0
0.451178 0 10000 0 0 0 0 0 0 0 0 0
0.451383 0 10000 0 0 0 0 0 0 0 0 0
0.451587 0 10000 0 0 0 0 0 0 0 0 0
0.451791 0 10000 0 0 0 0 0 0 0 0 0
0.451995 0 10000 0 0 0 0 0 0 0 0 0
0.452199 0 10000 0 0 0 0 0 0 0 0 0
0.452403 0 10000 0 0 0 0 0 0 0 0 0
0.452607 0 10000 0 0 0 0 0 0 0 0 0
0.452811 0 10000 0 0 0 0 0 0 0 0 0
0.453015 0 10000 0 0 0 0 0 0 0 0 0
0.453219 0 10000 0 0 0 0 0 0 0 0 0
0.453423 0 10000 0 0 0 0 0 0 0 0 0
0.453627 0 10000 0 0 0 0 0 0 0 0 0
0.453831 0 10000 0 0 0 0 0 0 0 0 0
0.454035 0 10000 0 0 0 0 0 0 0 0 0
0.454239 0 10000 0 0 0 0 0 0 0 0 0
0.454443 0 10000 0 0 0 0 0 0 0 0 0
0.454647 0 10000 0 0 0 0 0 0 0 0 0
0.454852 0 10000 0 0 0 0 0 0 0 0 0
0.455056 0 10000 0 0 0 0 0 0 0 0 0
0.45526 0 10000 0 0 0 0 0 0 0 0 0
0.455464 0 10000 0 0 0 0 0 0 0 0 0
0.455668 0 10000 0 0 0 0 0 0 0 0 0
0.455872 0 10000 0 0 0 0 0 0 0 0 0
0.456076 0 10000 0 0 0 0 0 0 0 0 0
0.45628 0 10000 0 0 0 0 0 0 0 0 0
0.456484 0 10000 0 0 0 0 0 0 0 0 0
0.456688 0 10000 0 0 0 0 0 0 0 0 0
0.456892 0 10000 0 0 0 0 0 0 0 0 0
0.457096 0 10000 0 0 0 0 0 0 0 0 0
0.4573 0 10000 0 0 0 0 0 0 0 0 0
0.457504 0 10000 0 0 0 0 0 0 0 0 0
0.457708 0 10000 0 0 0 0 0 0 0 0 0
0.457912 0 10000 0 0 0 0 0 0 0 0 0
0.458117 0 10000 0 0 0 0 0 0 0 0 0
0.458321 0 10000 0 0 0 0 0 0 0 0 0
0.458525 0 10000 0 0 0 0 0 0 0 0 0
0.458729 0 10000 0 0 0 0 0 0 0 0 0
0.458933 0 10000 0 0 0 0 0 0 0 0 0
0.459137 0 10000 0 0 0 0 0 0 0 0 0
0.459341 0 10000 0 0 0 0 0 0 0 0 0
0.459545 0 10000 0 0 0 0 0 0 0 0 0
0.459749 0 10000 0 0 0 0 0 0 0 0 0
0.459953 0 10000 0 0 0 0 0 0 0 0 0
0.460157 0 10000 0 0 0 0 0 0 0 0 0
0.460361 0 10000 0 0 0 0 0 0 0 0 0
0.460565 0 10000 0 0 0 0 0 0 0 0 0
0.460769 0 10000 0 0 0 0 0 0 0 0 0
0.460973 0 10000 0 0 0 0 0 0 0 0 0
0.461177 0 10000 0 0 0 0 0 0 0 0 0
0.461381 0 10000 0 0 0 0 0 0 0 0 0
0.461586 0 10000 0 0 0 0 0 0 0 0 0
0.46179 0 10000 0 0 0 0 0 0 0 0 0
0.461994 0 10000 0 0 0 0 0 0 0 0 0
0.462198 0 10000 0 0 0 0 0 0 0 0 0
0.462402 0 10000 0 0 0 0 0 0 0 0 0
0.462606 0 10000 0 0 0 0 0 0 0 0 0
0.46281 0 10000 0 0 0 0 0 0 0 0 0
0.463014 0 10000 0 0 0 0 0 0 0 0 0
0.463218 0 10000 0 0 0 0 0 0 0 0 0
0.463422 0 10000 0 0 0 0 0 0 0 0 0
0.463626 0 10000 0 0 0 0 0 0 0 0 0
0.46383 0 10000 0 0 0 0 0 0 0 0 0
0.464034 0 10000 0 0 0 0 0 0 0 0 0
0.464238 0 10000 0 0 0 0 0 0 0 0 0
0.464442 0 10000 0 0 0 0 0 0 0 0 0
0.464646 0 10000 0 0 0 0 0 0 0 0 0
0.464851 0 10000 0 0 0 0 0 0 0 0 0
0.465055 0 10000 0 0 0 0 0 0 0 0 0
0.465259 0 10000 0 0 0 0 0 0 0 0 0
0.465463 0 10000 0 0 0 0 0 0 0 0 0
0.465667 0 10000 0 0 0 0 0 0 0 0 0
0.465871 0 10000 0 0 0 0 0 0 0 0 0
0.466075 0 10000 0 0 0 0 0 0 0 0 0
0.466279 0 10000 0 0 0 0 0 0 0 0 0
0.466483 0 10000 0 0 0 0 0 0 0 0 0
0.466687 0 10000 0 0 0 0 0 0 0 0 0
0.466891 0 10000 0 0 0 0 0 0 0 0 0
0.467095 0 10000 0 0 0 0 0 0 0 0 0
0.467299 0 10000 0 0 0 0 0 0 0 0 0
0.467503 0 10000 0 0 0 0 0 0 0 0 0
0.467707 0 10000 0 0 0 0 0 0 0 0 0
0.467911 0 10000 0 0 0 0 0 0 0 0 0
0.468115 0 10000 0 0 0 0 0 0 0 0 0
0.46832 0 10000 0 0 0 0 0 0 0 0 0
0.468524 0 10000 0 0 0 0 0 0 0 0 0
0.468728 0 10000 0 0 0 0 0 0 0 0 0
0.468932 0 10000 0 0 0 0 0 0 0 0 0
0.469136 0 10000 0 0 0 0 0 0 0 0 0
0.46934 0 10000 0 0 0 0 0 0 0 0 0
0.469544 0 10000 0 0 0 0 0 0 0 0 0
0.469748 0 10000 0 0 0 0 0 0 0 0 0
0.469952 0 10000 0 0 0 0 0 0 0 0 0
0.470156 0 10000 0 0 0 0 0 0 0 0 0
0.47036 0 10000 0 0 0 0 0 0 0 0 0
0.470564 0 10000 0 0 0 0 0 0 0 0 0
0.470768 0 10000 0 0 0 0 0 0 0 0 0
0.470972 0 10000 0 0 0 0 0 0 0 0 0
0.471176 0 10000 0 0 0 0 0 0 0 0 0
0.47138 0 10000 0 0 0 0 0 0 0 0 0
0.471585 0 10000 0 0 0 0 0 0 0 0 0
0.471789 0 10000 0 0 0 0 0 0 0 0 0
0.471993 0 10000 0 0 0 0 0 0 0 0 0
0.472197 0 10000 0 0 0 0 0 0 0 0 0
0.472401 0 10000 0 0 0 0 0 0 0 0 0
0.472605 0 10000 0 0 0 0 0 0 0 0 0
0.472809 0 10000 0 0 0 0 0 0 0 0 0
0.473013 0 10000 0 0 0 0 0 0 0 0 0
0.473217 0 10000 0 0 0 0 0 0 0 0 0
0.473421 0 10000 0 0 0 0 0 0 0 0 0
0.473625 0 10000 0 0 0 0 0 0 0 0 0
0.473829 0 10000 0 0 0 0 0 0 0 0 0
0.474033 0 10000 0 0 0 0 0 0 0 0 0
0.474237 0 10000 0 0 0 0 0 0 0 0 0
0.474441 0 10000 0 0 0 0 0 0 0 0 0
0.474645 0 10000 0 0 0 0 0 0 0 0 0
0.47485 0 10000 0 0 0 0 0 0 0 0 0
0.475054 0 10000 0 0 0 0 0 0 0 0 0
0.475258 0 10000 0 0 0 0 0 0 0 0 0
0.475462 0 10000 0 0 0 0 0 0 0 0 0
0.475666 0 10000 0 0 0 0 0 0 0 0 0
0.47587 0 10000 0 0 0 0 0 0 0 0 0
0.476074 0 10000 0 0 0 0 0 0 0 0 0
0.476278 0 10000 0 0 0 0 0 0 0 0 0
0.476482 0 10000 0 0 0 0 0 0 0 0 0
0.476686 0 10000 0 0 0 0 0 0 0 0 0
0.47689 0 10000 0 0 0 0 0 0 0 0 0
0.477094 0 10000 0 0 0 0 0 0 0 0 0
0.477298 0 10000 0 0 0 0 0 0 0 0 0
0.477502 0 10000 0 0 0 0 0 0 0 0 0
0.477706 0 10000 0 0 0 0 0 0 0 0 0
0.47791 0 10000 0 0 0 0 0 0 0 0 0
0.478114 0 10000 0 0 0 0 0 0 0 0 0
0.478319 0 10000 0 0 0 0 0 0 0 0 0
0.478523 0 10000 0 0 0 0 0 0 0 0 0
0.478727 0 10000 0 0 0 0 0 0 0 0 0
0.478931 0 10000 0 0 0 0 0 0 0 0 0
0.479135 0 10000 0 0 0 0 0 0 0 0 0
0.479339 0 10000 0 0 0 0 0 0 0 0 0
0.479543 0 10000 0 0 0 0 0 0 0 0 0
0.479747 0 10000 0 0 0 0 0 0 0 0 0
0.479951 0 10000 0 0 0 0 0 0 0 0 0
0.480155 0 10000 0 0 0 0 0 0 0 0 0
0.480359 0 10000 0 0 0 0 0 0 0 0 0
0.480563 0 10000 0 0 0 0 0 0 0 0 0
0.480767 0 10000 0 0 0 0 0 0 0 0 0
0.480971 0 10000 0 0 0 0 0 0 0 0 0
0.481175 0 10000 0 0 0 0 0 0 0 0 0
0.481379 0 10000 0 0 0 0 0 0 0 0 0
0.481584 0 10000 0 0 0 0 0 0 0 0 0
0.481788 0 10000 0 0 0 0 0 0 0 0 0
0.481992 0 10000 0 0 0 0 0 0 0 0 0
0.482196 0 10000 0 0 0 0 0 0 0 0 0
0.4824 0 10000 0 0 0 0 0 0 0 0 0
0.482604 0 10000 0 0 0 0 0 0 0 0 0
0.482808 0 10000 0 0 0 0 0 0 0 0 0
0.483012 0 10000 0 0 0 0 0 0 0 0 0
0.483216 0 10000 0 0 0 0 0 0 0 0 0
0.48342 0 10000 0 0 0 0 0 0 0 0 0
0.483624 0 10000 0 0 0 0 0 0 0 0 0
0.483828 0 10000 0 0 0 0 0 0 0 0 0
0.484032 0 10000 0 0 0 0 0 0 0 0 0
0.484236 0 10000 0 0 0 0 0 0 0 0 0
0.48444 0 10000 0 0 0 0 0 0 0 0 0
0.484644 0 10000 0 0 0 0 0 0 0 0 0
0.484848 0 10000 0 0 0 0 0 0 0 0 0
0.485053 0 10000 0 0 0 0 0 0 0 0 0
0.485257 0 10000 0 0 0 0 0 0 0 0 0
0.485461 0 10000 0 0 0 0 0 0 0 0 0
0.485665 0 10000 0 0 0 0 0 0 0 0 0
0.485869 0 10000 0 0 0 0 0 0 0 0 0
0.486073 0 10000 0 0 0 0 0 0 0 0 0
0.486277 0 10000 0 0 0 0 0 0 0 0 0
0.486481 0 10000 0 0 0 0 0 0 0 0 0
0.486685 0 10000 0 0 0 0 0 0 0 0 0
0.486889 0 10000 0 0 0 0 0 0 0 0 0
0.487093 0 10000 0 0 0 0 0 0 0 0 0
0.487297 0 10000 0 0 0 0 0 0 0 0 0
0.487501 0 10000 0 0 0 0 0 0 0 0 0
0.487705 0 10000 0 0 0 0 0 0 0 0 0
0.487909 0 10000 0 0 0 0 0 0 0 0 0
0.488113 0 10000 0 0 0 0 0 0 0 0 0
0.488318 0 10000 0 0 0 0 0 0 0 0 0
0.488522 0 10000 0 0 0 0 0 0 0 0 0
0.488726 0 10000 0 0 0 0 0 0 0 0 0
0.48893 0 10000 0 0 0 0 0 0 0 0 0
0.489134 0 10000 0 0 0 0 0 0 0 0 0
0.489338 0 10000 0 0 0 0 0 0 0 0 0
0.489542 0 10000 0 0 0 0 0 0 0 0 0
0.489746 0 10000 0 0 0 0 0 0 0 0 0
0.48995 0 10000 0 0 0 0 0 0 0 0 0
0.490154 0 10000 0 0 0 0 0 0 0 0 0
0.490358 0 10000 0 0 0 0 0 0 0 0 0
0.490562 0 10000 0 0 0 0 0 0 0 0 0
0.490766 0 10000 0 0 0 0 0 0 0 0 0
0.49097 0 10000 0 0 0 0 0 0 0 0 0
0.491174 0 10000 0 0 0 0 0 0 0 0 0
0.491378 0 10000 0 0 0 0 0 0 0 0 0
0.491582 0 10000 0 0 0 0 0 0 0 0 0
0.491787 0 10000 0 0 0 0 0 0 0 0 0
0.491991 0 10000 0 0 0 0 0 0 0 0 0
0.492195 0 10000 0 0 0 0 0 0 0 0 0
0.492399 0 10000 0 0 0 0 0 0 0 0 0
0.492603 0 10000 0 0 0 0 0 0 0 0 0
0.492807 0 10000 0 0 0 0 0 0 0 0 0
0.493011 0 10000 0 0 0 0 0 0 0 0 0
0.493215 0 10000 0 0 0 0 0 0 0 0 0
0.493419 0 10000 0 0 0 0 0 0 0 0 0
0.493623 0 10000 0 0 0 0 0 0 0 0 0
0.493827 0 10000 0 0 0 0 0 0 0 0 0
0.494031 0 10000 0 0 0 0 0 0 0 0 0
0.494235 0 10000 0 0 0 0 0 0 0 0 0
0.494439 0 10000 0 0 0 0 0 0 0 0 0
0.494643 0 10000 0 0 0 0 0 0 0 0 0
0.494847 0 10000 0 0 0 0 0 0 0 0 0
0.495052 0 10000 0 0 0 0 0 0 0 0 0
0.495256 0 10000 0 0 0 0 0 0 0 0 0
0.49546 0 10000 0 0 0 0 0 0 0 0 0
0.495664 0 10000 0 0 0 0 0 0 0 0 0
0.495868 0 10000 0 0 0 0 0 0 0 0 0
0.496072 0 10000 0 0 0 0 0 0 0 0 0
0.496276 0 10000 0 0 0 0 0 0 0 0 0
0.49648 0 10000 0 0 0 0 0 0 0 0 0
0.496684 0 10000 0 0 0 0 0 0 0 0 0
0.496888 0 10000 0 0 0 0 0 0 0 0 0
0.497092 0 10000 0 0 0 0 0 0 0 0 0
0.497296 0 10000 0 0 0 0 0 0 0 0 0
0.4975 0 10000 0 0 0 0 0 0 0 0 0
0.497704 0 10000 0 0 0 0 0 0 0 0 0
0.497908 0 10000 0 0 0 0 0 0 0 0 0
0.498112 0 10000 0 0 0 0 0 0 0 0 0
0.498316 0 10000 0 0 0 0 0 0 0 0 0
0.498521 0 10000 0 0 0 0 0 0 0 0 0
0.498725 0 10000 0 0 0 0 0 0 0 0 0
0.498929 0 10000 0 0 0 0 0 0 0 0 0
0.499133 0 10000 0 0 0 0 0 0 0 0 0
0.499337 0 10000 0 0 0 0 0 0 0 0 0
0.499541 0 10000 0 0 0 0 0 0 0 0 0
0.499745 0 10000 0 0 0 0 0 0 0 0 0
0.499949 0 10000 0 0 0 0 0 0 0 0 0
0.500153 0 10000 0 0 0 0 0 0 0 0 0
